,molecule_chembl_id,canonical_smiles,class,MW,LogP,NumHDonors,NumHAcceptors,pIC50
0,CHEMBL22978,CN1CCC(O)(c2nc(-c3ccc(F)cc3)c(-c3ccncc3)o2)CC1,inactive,353.3970000000001,3.4559000000000024,1.0,5.0,5.0
1,CHEMBL178945,CN(C)CCCn1nc(C2=C(c3cn(-c4cccs4)c4ccccc34)C(=O)NC2=O)c2ccccc21,inactive,495.60800000000023,4.5606000000000035,1.0,7.0,5.0
2,CHEMBL368416,CN(C)CCCn1nc(C2=C(c3cn(-c4cccnc4)c4ccccc34)C(=O)NC2=O)c2ccccc21,inactive,490.56700000000023,3.8941000000000026,1.0,7.0,5.0
3,CHEMBL368895,CN(C)CCCn1nc(C2=C(c3cn(-c4ccc5ccccc5c4)c4ccccc34)C(=O)NC2=O)c2ccccc21,inactive,539.6390000000002,5.652300000000005,1.0,6.0,5.0
4,CHEMBL360304,CN(C)CCCn1nc(C2=C(c3cn(-c4cccc5ccccc45)c4ccccc34)C(=O)NC2=O)c2ccccc21,inactive,539.6390000000002,5.652300000000005,1.0,6.0,5.0
5,CHEMBL359486,CN(C)CCCn1nc(C2=C(c3cn(-c4cnc5ccccc5c4)c4ccccc34)C(=O)NC2=O)c2ccccc21,inactive,540.6270000000003,5.047300000000004,1.0,7.0,5.0
6,CHEMBL426587,CN(C)CCCn1nc(C2=C(c3cn(-c4csc5ccccc45)c4ccccc34)C(=O)NC2=O)c2ccccc21,inactive,545.6680000000002,5.713800000000005,1.0,7.0,5.0
7,CHEMBL388978,CN[C@@H]1C[C@H]2O[C@@](C)([C@@H]1OC)n1c3ccccc3c3c4c(c5c6ccccc6n2c5c31)C(=O)NC4,inactive,466.5410000000003,4.354000000000003,2.0,6.0,5.0
8,CHEMBL2408788,Cc1cc(-c2n[nH]c3cc(NC(=O)NCc4ccccc4)ncc23)ccn1,active,358.4050000000001,3.6500200000000014,3.0,4.0,9.653060537301009
9,CHEMBL2408789,Cc1cc(-c2n[nH]c3cc(NC(=O)N[C@H](C)c4ccccc4)ncc23)ccn1,active,372.4320000000001,4.211020000000001,3.0,4.0,9.817015032996418
10,CHEMBL2408790,COc1cccc(F)c1CN1CCC[C@@H](NC(=O)Nc2cc3[nH]nc(-c4ccnc(C)c4)c3cn2)C1,active,489.5550000000002,4.262120000000002,3.0,6.0,9.817015032996418
11,CHEMBL3645239,CO[C@@]1(C(=O)Nc2ccc3[nH]nc(-c4ccc(F)cc4)c3c2)CCN(CC(=O)N2CCC(c3ccc(-c4ncccn4)cc3)CC2)C1,active,633.7280000000001,5.261600000000006,2.0,7.0,8.040958607678906
12,CHEMBL3645240,CO[C@@]1(C(=O)Nc2ccc3[nH]nc(-c4ccnc(C5CC5)c4)c3c2)CCN(CC(=O)N2CCC(c3ccc(-c4ncccn4)cc3)CC2)C1,active,656.7910000000002,5.394900000000006,2.0,8.0,8.602059991327963
13,CHEMBL3645227,COC[C@@]1(C(=O)Nc2ccc3[nH]nc(-c4ccnc(C5CC5)c4)c3c2)CCN(CC(=O)N2CC=C(c3ccc(-c4ncccn4)cc3)CC2)C1,active,668.8020000000001,5.552200000000005,2.0,8.0,7.7423214251308154
14,CHEMBL3645230,CO[C@@]1(C(=O)Nc2ccc3[nH]nc(-c4ccnc(C5CC5)c4)c3c2)CCN(CC(=O)N2CC=C(c3ccc(-c4ncccn4)cc3)CC2)C1,active,654.7750000000001,5.304600000000005,2.0,8.0,8.602059991327963
15,CHEMBL3645231,CO[C@@]1(C(=O)Nc2ccc3[nH]nc(-c4ccc(F)cc4)c3c2)CCN(CC(=O)N2CC=C(c3ccc(-c4ncccn4)cc3)CC2)C1,active,631.7120000000001,5.171300000000006,2.0,7.0,8.318758762624412
16,CHEMBL3645237,C#CC1(C(=O)Nc2ccc3[nH]nc(-c4ccc(F)cc4)c3c2)CCN(CC(=O)N2CCN(c3ccc(-c4ncccn4)cn3)C[C@H]2C)C1,active,643.7270000000002,4.222100000000004,2.0,8.0,7.709965388637482
17,CHEMBL3645229,COC[C@@]1(C(=O)Nc2ccc3[nH]nc(-c4ccnc(C(F)(F)F)c4)c3c2)CCN(CC(=O)N2CC=C(c3ccc(-c4ncccn4)cc3)CC2)C1,active,696.734,5.693600000000005,2.0,8.0,7.424812155072339
18,CHEMBL3645228,COC[C@@]1(C(=O)Nc2ccc3[nH]nc(-c4ccc(F)cc4)c3c2)CCN(CC(=O)N2CC=C(c3ccc(-c4ncccn4)cc3)CC2)C1,active,645.7390000000001,5.418900000000006,2.0,7.0,7.41510365586255
19,CHEMBL3645233,CO[C@@]1(C(=O)Nc2ccc3[nH]nc(-c4ccc(F)cc4)c3c2)CCN(CC(=O)N2CCN(c3ccc(-c4ncccn4)cc3)CC2)C1,active,634.7160000000001,4.204200000000004,2.0,8.0,8.67778070526608
20,CHEMBL3645232,CO[C@@]1(C(=O)Nc2ccc3[nH]nc(-c4ccnc(C)c4)c3c2)CCN(CC(=O)N2CC=C(c3ccc(-c4ncccn4)cc3)CC2)C1,active,628.7370000000002,4.735620000000004,2.0,8.0,8.086186147616283
21,CHEMBL3645238,O=C(Nc1ccc2[nH]nc(-c3ccncc3)c2c1)[C@H]1CCN(CC(=O)N2CCN(c3ccc(-c4ncccn4)cc3)CC2)C1,active,587.6880000000002,3.6911000000000023,2.0,8.0,9.096910013008056
22,CHEMBL3645234,CCNc1nnc(-c2ccc(C3=CCN(C(=O)CN4CC[C@@](OC)(C(=O)Nc5ccc6[nH]nc(-c7ccc(F)cc7)c6c5)C4)CC3)c(F)c2)o1,active,682.7320000000001,5.335200000000004,3.0,9.0,8.301029995663981
23,CHEMBL3645235,CS[C@@]1(C(=O)Nc2ccc3[nH]nc(-c4ccc(F)cc4)c3c2)CCN(CC(=O)N2CC=C(c3ccc(-c4ncccn4)cc3)CC2)C1,active,647.7800000000001,5.8879000000000055,2.0,7.0,8.0
24,CHEMBL3645236,CO[C@@]1(C(=O)Nc2ccc3[nH]nc(-c4ccc(F)cc4)c3c2)CCN(CC(=O)N2CC=C(c3ccc(-c4ncccn4)cc3F)CC2)C1,active,649.7020000000001,5.310400000000006,2.0,7.0,7.698970004336019
25,CHEMBL3651162,O=C(N[C@@H]1CCCN(Cc2ccccc2F)C1)c1ccc2[nH]nc(-c3ccnc(Cl)c3)c2c1,active,463.94400000000013,4.811800000000004,2.0,4.0,7.6020599913279625
26,CHEMBL3651163,CC(C)Oc1ccc(-c2n[nH]c3ccc(C(=O)N[C@@H]4CCCN(Cc5ccccc5F)C4)cc23)cc1,active,486.5910000000003,5.550600000000005,2.0,4.0,6.353988590408761
27,CHEMBL3651164,CC(C)Oc1ccc(-c2n[nH]c3ccc(C(=O)N[C@@H]4CCCN(Cc5ccccc5F)C4)cc23)cn1,active,487.5790000000003,4.945600000000004,2.0,5.0,6.90622821850127
28,CHEMBL3651165,O=C(N[C@@H]1CCCN(Cc2ccccc2F)C1)c1ccc2[nH]nc(-c3ccc4c(c3)CCO4)c2c1,active,470.5480000000003,4.698300000000003,2.0,4.0,7.313363730737707
29,CHEMBL3651166,COc1cccc(F)c1CN1CCC[C@@H](NC(=O)c2ccc3[nH]nc(C4=CCOCC4)c3c2)C1,active,464.5410000000003,3.9087000000000023,2.0,5.0,8.886056647693163
30,CHEMBL3651167,COc1cccc(F)c1CN1CCC[C@@H](NC(=O)c2ccc3[nH]nc(C4=CCS(=O)(=O)CC4)c3c2)C1,active,512.6070000000003,3.3069000000000015,2.0,6.0,8.075720713938118
31,CHEMBL3651168,COc1cccc(F)c1CN1CCC[C@@H](NC(=O)c2ccc3[nH]nc(C4CCOCC4)c3c2)C1,active,466.5570000000003,3.9990000000000023,2.0,5.0,6.709965388637482
32,CHEMBL3651169,O=C(Nc1ccc2[nH]nc(-c3ccncc3)c2c1)C1CNCC(c2ccccc2)C1,active,397.4820000000002,3.9567000000000023,3.0,4.0,7.158640529545145
33,CHEMBL3651171,O=C(N[C@H]1CCCN(Cc2ccccc2)C1)c1ccc2[nH]nc(-c3ccncc3)c2c1,active,411.5090000000001,4.019300000000003,2.0,4.0,6.517841304588724
34,CHEMBL3651172,O=C(N[C@H]1CCCN(Cc2ccccc2F)C1)c1ccc2[nH]nc(-c3ccncc3)c2c1,active,429.49900000000014,4.158400000000003,2.0,4.0,6.780939667551139
35,CHEMBL3651173,O=C(N[C@@H]1CCCN(Cc2ccccc2)C1)c1ccc2[nH]nc(-c3ccncc3)c2c1,active,411.5090000000001,4.019300000000003,2.0,4.0,8.537602002101044
36,CHEMBL3651174,O=C(N[C@@H]1CCCN(Cc2ccccc2F)C1)c1ccc2[nH]nc(-c3ccncc3)c2c1,active,429.49900000000014,4.158400000000003,2.0,4.0,8.958607314841775
37,CHEMBL3651175,CN1CC(NC(=O)c2ccc3[nH]nc(-c4ccncc4)c3c2)CC(c2ccccc2)C1,active,411.5090000000002,3.8426000000000027,2.0,4.0,8.130768280269024
38,CHEMBL3651176,O=C(N[C@@H]1CCCN(Cc2ccccn2)C1)c1ccc2[nH]nc(-c3ccc4c(c3)CCO4)c2c1,active,453.5460000000003,3.954200000000003,2.0,5.0,6.228412519118745
39,CHEMBL3651177,O=C(N[C@@H]1CCCN(Cc2ccccc2C(F)(F)F)C1)c1ccc2[nH]nc(-c3ccc4c(c3)CCO4)c2c1,active,520.5550000000004,5.578000000000005,2.0,4.0,6.0
40,CHEMBL3651178,N#Cc1ccc(CN2CCC[C@@H](NC(=O)c3ccc4[nH]nc(-c5ccc6c(c5)CCO6)c4c3)C2)cc1,active,477.56800000000027,4.430880000000003,2.0,5.0,6.0
41,CHEMBL3651179,O=C(N[C@@H]1CCCN(Cc2ccncc2)C1)c1ccc2[nH]nc(-c3ccc4c(c3)CCO4)c2c1,active,453.5460000000003,3.954200000000003,2.0,5.0,6.20342566678957
42,CHEMBL3651180,N#Cc1cccc(CN2CCC[C@@H](NC(=O)c3ccc4[nH]nc(-c5ccc6c(c5)CCO6)c4c3)C2)c1,active,477.56800000000027,4.430880000000003,2.0,5.0,6.000434511774017
43,CHEMBL3651181,O=C(N[C@@H]1CCCN(Cc2nccs2)C1)c1ccc2[nH]nc(-c3ccc4c(c3)CCO4)c2c1,active,459.5750000000003,4.0157000000000025,2.0,6.0,6.600326278518962
44,CHEMBL3651182,CN(C)c1ccc(CN2CCC[C@@H](NC(=O)c3ccc4[nH]nc(-c5ccc6c(c5)CCO6)c4c3)C2)cc1,active,495.6270000000003,4.625200000000003,2.0,5.0,6.0
45,CHEMBL3651183,O=C(N[C@@H]1CCCN(Cc2c(F)cccc2F)C1)c1ccc2[nH]nc(-c3ccc4c(c3)CCO4)c2c1,active,488.5380000000003,4.837400000000004,2.0,4.0,6.761953896871205
46,CHEMBL3651184,O=C(N[C@@H]1CCCN(Cc2ccc3occc3c2)C1)c1ccc2[nH]nc(-c3ccc4c(c3)CCO4)c2c1,active,492.57900000000035,5.305400000000005,2.0,5.0,7.640164517660112
47,CHEMBL3651185,O=C(N[C@@H]1CCCN(CC2CC2)C1)c1ccc2[nH]nc(-c3ccncc3)c2c1,active,375.4760000000001,3.2291000000000016,2.0,4.0,6.686132779630847
48,CHEMBL3651186,COc1cccc(F)c1CN1C[C@H](NC(=O)c2ccc3[nH]nc(-c4ccnc(C)c4)c3c2)CC[C@H]1C(=O)NOCC1CC1,active,586.6680000000001,4.301820000000003,3.0,7.0,9.221848749616356
49,CHEMBL3651187,COc1cccc(F)c1CN1C[C@H](NC(=O)c2ccc3[nH]nc(-c4ccnc(C)c4)c3c2)CC[C@H]1C(=O)N1CC(C)(O)C1,active,586.6680000000001,3.4372200000000017,3.0,7.0,8.958607314841775
50,CHEMBL3651188,COc1cccc(F)c1CN1C[C@H](NC(=O)c2ccc3[nH]nc(-c4ccnc(C)c4)c3c2)CC[C@H]1C(=O)NC[C@H]1CC[C@H](O)C1,active,614.7220000000001,4.121220000000003,4.0,7.0,8.886056647693163
51,CHEMBL3651189,COc1cccc(F)c1CN1C[C@H](NC(=O)c2ccc3[nH]nc(-c4ccnc(C)c4)c3c2)CC[C@H]1C(=O)NC1CC1,active,556.6420000000002,4.122620000000003,3.0,6.0,8.468521082957745
52,CHEMBL3651190,COc1cccc(F)c1CN1C[C@H](NC(=O)c2ccc3[nH]nc(-c4ccnc(C)c4)c3c2)CC[C@H]1C(=O)N(C)C1CC1,active,570.6690000000001,4.464820000000004,2.0,6.0,8.602059991327963
53,CHEMBL3651191,COc1cccc(F)c1CN1C[C@H](NC(=O)c2ccc3[nH]nc(-c4ccnc(C)c4)c3c2)CC[C@H]1C(=O)NC[C@@H]1CC[C@@H](O)C1,active,614.7220000000001,4.121220000000003,4.0,7.0,8.823908740944319
54,CHEMBL3651192,COc1cccc(F)c1CN1C[C@H](NC(=O)c2ccc3[nH]nc(-c4ccnc(C)c4)c3c2)CC[C@H]1C(=O)Nc1ccncc1,active,593.6630000000002,4.877720000000004,3.0,7.0,8.522878745280337
55,CHEMBL3651193,COc1cccc(F)c1CN1C[C@H](NC(=O)c2ccc3[nH]nc(-c4ccnc(C)c4)c3c2)CC[C@H]1C(=O)NCC1CC1,active,570.6690000000001,4.370220000000003,3.0,6.0,8.309803919971486
56,CHEMBL3639500,COc1cccc(F)c1CN1C[C@H](NC(=O)c2ccc3[nH]nc(-c4ccnc(C)c4)c3c2)CC[C@H]1C(=O)NC1(C)CC1,active,570.6690000000001,4.512720000000003,3.0,6.0,8.327902142064282
57,CHEMBL3654447,COc1cccc(F)c1CN1C[C@H](NC(=O)c2ccc3[nH]nc(-c4ccnc(C)c4)c3c2)CC[C@H]1C(=O)Nc1ccc(C)nc1,active,607.6900000000002,5.1861400000000035,3.0,7.0,8.173925197299173
58,CHEMBL3654448,COc1cccc(F)c1CN1C[C@H](NC(=O)c2ccc3[nH]nc(-c4ccnc(C)c4)c3c2)CC[C@H]1C(=O)Nc1cccnc1,active,593.6630000000002,4.877720000000004,3.0,7.0,8.387216143280265
59,CHEMBL3654449,COc1cccc(F)c1CN1C[C@H](NC(=O)c2ccc3[nH]nc(-c4ccnc(C)c4)c3c2)CC[C@H]1C(=O)Nc1nccs1,active,599.6920000000002,4.939220000000003,3.0,8.0,7.853871964321762
60,CHEMBL3654450,COc1ccc(N(C)C(=O)[C@@H]2CC[C@@H](NC(=O)c3ccc4[nH]nc(-c5ccnc(C)c5)c4c3)CN2Cc2c(F)cccc2OC)cc1,active,636.7280000000003,5.5156200000000055,2.0,7.0,8.236572006437063
61,CHEMBL3654451,COc1ccc(NC(=O)[C@@H]2CC[C@@H](NC(=O)c3ccc4[nH]nc(-c5ccnc(C)c5)c4c3)CN2Cc2c(F)cccc2OC)cc1,active,622.7010000000002,5.491320000000004,3.0,7.0,7.935542010773082
62,CHEMBL3654452,COc1cccc(F)c1CN1C[C@H](NC(=O)c2ccc3[nH]nc(-c4ccnc(C)c4)c3c2)CC[C@H]1C(=O)NCC1(CO)CCCC1,active,628.7489999999999,4.512920000000004,4.0,7.0,8.05551732784983
63,CHEMBL3654453,COc1ccnc(NC(=O)[C@@H]2CC[C@@H](NC(=O)c3ccc4[nH]nc(-c5ccnc(C)c5)c4c3)CN2Cc2c(F)cccc2OC)c1,active,623.6890000000003,4.886320000000004,3.0,8.0,7.29929628285498
64,CHEMBL3654454,COc1cccc(F)c1CN1C[C@H](NC(=O)c2ccc3[nH]nc(-c4ccnc(C)c4)c3c2)CC[C@H]1C(=O)Nc1cccc(F)c1,active,610.6650000000003,5.621820000000005,3.0,6.0,7.818156412055227
65,CHEMBL3654455,COc1ccc(NC(=O)[C@@H]2CC[C@@H](NC(=O)c3ccc4[nH]nc(-c5ccnc(C)c5)c4c3)CN2Cc2c(F)cccc2OC)cc1F,active,640.6910000000003,5.630420000000005,3.0,7.0,7.777283528852417
66,CHEMBL3654456,COc1cccc(F)c1CN1C[C@H](NC(=O)c2ccc3[nH]nc(-c4ccnc(C)c4)c3c2)CC[C@H]1C(=O)Nc1ccc(F)cc1,active,610.6650000000003,5.621820000000005,3.0,6.0,7.6307841425898575
67,CHEMBL3654457,COc1cccc(F)c1CN1C[C@H](NC(=O)c2ccc3[nH]nc(-c4ccnc(C)c4)c3c2)CC[C@H]1C(=O)Nc1ccc(C)cc1C,active,620.7290000000002,6.099560000000006,3.0,6.0,7.261219441515631
68,CHEMBL3654458,COc1cccc(F)c1CN1C[C@H](NC(=O)c2ccc3[nH]nc(-c4ccnc(C)c4)c3c2)CC[C@H]1C(=O)N1CCC(O)CC1,active,600.695,3.827320000000003,3.0,7.0,7.835647144215563
69,CHEMBL3654459,O=C(NC1CCCN(Cc2ccccc2F)C1)c1ccc2[nH]nc(-c3ccncc3)c2c1,active,429.49900000000014,4.158400000000003,2.0,4.0,7.841637507904751
70,CHEMBL3654460,O=C(NC1CCCN(Cc2ccccc2)C1)c1ccc2[nH]nc(-c3ccncc3)c2c1,active,411.5090000000001,4.019300000000003,2.0,4.0,7.779891911959945
71,CHEMBL3639533,CC(C)Oc1ccc(-c2n[nH]c3ccc(C(=O)NC4CCCN(Cc5ccccc5F)C4)cc23)cn1,active,487.5790000000003,4.945600000000004,2.0,5.0,6.512578788640526
72,CHEMBL3654461,O=C(NC1CCCN(Cc2ccccc2)C1)c1ccc2[nH]nc(-c3ccc4c(c3)CCO4)c2c1,active,452.5580000000003,4.559200000000003,2.0,4.0,6.764471553092451
73,CHEMBL3654462,O=C(NC1CCCN(Cc2ccccc2F)C1)c1ccc2[nH]nc(-c3ccc4c(c3)CCO4)c2c1,active,470.5480000000003,4.698300000000003,2.0,4.0,6.6365760670828235
74,CHEMBL3654463,CC(c1ccccc1)N1CCC[C@@H](NC(=O)c2ccc3[nH]nc(-c4ccncc4)c3c2)C1,active,425.5360000000001,4.580300000000004,2.0,4.0,6.117475462045119
75,CHEMBL3654464,O=C(N[C@@H]1CNCC[C@H]1c1ccccc1)c1ccc2[nH]nc(-c3ccc4c(c3)CCO4)c2c1,active,438.5310000000003,4.040300000000002,3.0,4.0,7.638272163982407
76,CHEMBL3654465,CN1CC[C@@H](c2ccccc2)[C@H](NC(=O)c2ccc3[nH]nc(-c4ccc5c(c4)CCO5)c3c2)C1,active,452.5580000000003,4.382500000000003,2.0,4.0,6.926281649653878
77,CHEMBL3654466,O=C(N[C@@H]1CNCC[C@H]1c1ccccc1)c1ccc2[nH]nc(-c3ccc4c(c3)OCO4)c2c1,active,440.50300000000027,3.834100000000002,3.0,5.0,7.567030709125595
78,CHEMBL3654467,O=C(N[C@@H]1CNCC[C@H]1c1ccccc1)c1ccc2[nH]nc(-c3ccc4[nH]c(=O)[nH]c4c3)c2c1,active,452.5180000000002,3.2750000000000004,5.0,4.0,7.300162274132754
79,CHEMBL3654468,CC(C)Oc1ccc(-c2n[nH]c3ccc(C(=O)N[C@@H]4CNCC[C@H]4c4ccccc4)cc23)cc1,active,454.5740000000002,4.892600000000003,3.0,4.0,7.30189945437661
80,CHEMBL3654469,CCN1CC[C@@H](c2ccccc2)[C@H](NC(=O)c2ccc3[nH]nc(-c4ccc(OC(C)C)cc4)c3c2)C1,active,482.62800000000027,5.624900000000005,2.0,4.0,6.187086643357144
81,CHEMBL3654470,CC(C)Oc1ccc(-c2n[nH]c3ccc(C(=O)N[C@@H]4CN(C)CC[C@H]4c4ccccc4)cc23)cc1,active,468.6010000000002,5.234800000000004,2.0,4.0,6.522878745280337
82,CHEMBL3654471,CC(C)Oc1ccc(-c2n[nH]c3ccc(C(=O)N[C@@H]4CNCC[C@H]4c4ccccc4)cc23)cn1,active,455.5620000000002,4.287600000000003,3.0,5.0,7.071092309756048
83,CHEMBL3654472,CC(C)Oc1ccc(-c2n[nH]c3ccc(C(=O)N[C@@H]4CN(C)CC[C@H]4c4ccccc4)cc23)cn1,active,469.5890000000002,4.629800000000004,2.0,5.0,6.522878745280337
84,CHEMBL3654473,CCN1CC[C@@H](c2ccccc2)[C@H](NC(=O)c2ccc3[nH]nc(-c4ccc(OC(C)C)nc4)c3c2)C1,active,483.61600000000027,5.019900000000004,2.0,5.0,6.522878745280337
85,CHEMBL3654474,CC(C)(C)OC(=O)N1CC[C@@H](c2ccccc2)[C@H](NC(=O)c2ccc3[nH]nc(-c4ccc5c(c4)CCO5)c3c2)C1,active,538.6480000000003,5.6878000000000055,2.0,5.0,6.522878745280337
86,CHEMBL3654475,O=C(N[C@@H]1CNCC[C@H]1c1ccccc1)c1ccc2[nH]nc(-c3ccc4[nH]ncc4c3)c2c1,active,436.5190000000002,3.981700000000002,4.0,4.0,7.863279432843593
87,CHEMBL3654476,CC(C)Oc1cc(-c2n[nH]c3ccc(C(=O)N[C@@H]4CNCC[C@H]4c4ccccc4)cc23)ccn1,active,455.5620000000002,4.287600000000003,3.0,5.0,6.849857838151442
88,CHEMBL3654477,COc1cc(-c2n[nH]c3ccc(C(=O)N[C@@H]4CCCN(Cc5ccccc5F)C4)cc23)ccn1,active,459.5250000000002,4.167000000000003,2.0,5.0,6.9515970438472605
89,CHEMBL3654478,O=C(N[C@@H]1CCCN(Cc2ccccc2F)C1)c1ccc2[nH]nc(-c3ccnc(C4CC4)c3)c2c1,active,469.56400000000025,5.0358000000000045,2.0,4.0,7.478600371884625
90,CHEMBL3654479,CCc1cc(-c2n[nH]c3ccc(C(=O)N[C@@H]4CCCN(Cc5ccccc5F)C4)cc23)ccn1,active,457.55300000000017,4.720800000000004,2.0,4.0,7.703115524461453
91,CHEMBL3654480,Cc1cc(-c2n[nH]c3ccc(C(=O)N[C@@H]4CCCN(Cc5ccccc5F)C4)cc23)ccn1,active,443.5260000000002,4.466820000000003,2.0,4.0,7.9694002780340485
92,CHEMBL3654481,O=C(N[C@@H]1CCCN(Cc2ccccc2F)C1)c1ccc2[nH]nc(-c3ccnc(C(F)(F)F)c3)c2c1,active,497.49600000000015,5.177200000000004,2.0,4.0,6.294786506123356
93,CHEMBL3654482,COc1cccc(F)c1CN1CCCC(NC(=O)c2ccc3[nH]nc(-c4ccc5c(c4)CCO5)c3c2)C1,active,500.5740000000003,4.706900000000004,2.0,5.0,7.480828536178341
94,CHEMBL3654483,CC1CC(NC(=O)c2ccc3[nH]nc(-c4ccncc4)c3c2)CN(Cc2ccccc2F)C1,active,443.52600000000024,4.404400000000003,2.0,4.0,7.785686102575601
95,CHEMBL3654484,Cn1cc(CN2CCC[C@@H](NC(=O)c3ccc4[nH]nc(-c5ccc6c(c5)CCO6)c4c3)C2)c2ccccc21,active,505.6220000000004,5.050900000000004,2.0,5.0,6.800080348409432
96,CHEMBL3654485,Cc1cc(-c2n[nH]c3ccc(C(=O)N[C@@H]4CCCN(Cc5ccccc5O)C4)cc23)ccn1,active,441.5350000000002,4.0333200000000025,3.0,5.0,6.853747897907005
97,CHEMBL3654486,COc1cccc(F)c1CN1CCC[C@@H](NC(=O)c2ccc3[nH]nc(-c4ccnc(C)c4)c3c2)C1,active,473.5520000000002,4.475420000000003,2.0,5.0,8.302770657240282
98,CHEMBL3654487,Cc1cc(-c2n[nH]c3ccc(C(=O)N[C@@H]4CCCN(Cc5c(F)cccc5F)C4)cc23)ccn1,active,461.5160000000002,4.605920000000004,2.0,4.0,7.527243550682788
99,CHEMBL3654488,CC(=O)Nc1cc(-c2n[nH]c3ccc(C(=O)N[C@@H]4CCCN(Cc5ccccc5F)C4)cc23)ccc1O,active,501.5620000000003,4.427400000000004,4.0,5.0,7.126505017743831
100,CHEMBL3654489,COc1cccc(F)c1CN1CCC[C@@H](NC(=O)c2ccc3[nH]nc(-c4ccc(O)c(NC(C)=O)c4)c3c2)C1,active,531.5880000000002,4.436000000000003,4.0,6.0,7.187554597127244
101,CHEMBL3654490,CC(=O)Nc1cc(-c2n[nH]c3ccc(C(=O)N[C@@H]4CCCN(Cc5c(F)cccc5F)C4)cc23)ccc1O,active,519.5520000000004,4.566500000000004,4.0,5.0,6.65033401590337
102,CHEMBL3654491,COc1ccccc1CN1CCC[C@@H](NC(=O)c2ccc3[nH]nc(-c4ccc(O)c(NC(C)=O)c4)c3c2)C1,active,513.5980000000002,4.296900000000002,4.0,6.0,6.595833625951206
103,CHEMBL3654492,CCCOc1ccccc1CN1CCC[C@@H](NC(=O)c2ccc3[nH]nc(-c4ccnc(C)c4)c3c2)C1,active,483.61600000000016,5.116520000000004,2.0,5.0,6.609860061532378
104,CHEMBL3654493,COc1cccc(F)c1CN1CCC[C@@H](NC(=O)c2ccc3[nH]nc(-c4ccc5sccc5c4)c3c2)C1,active,514.6260000000001,5.986700000000005,2.0,5.0,6.093115702227114
105,CHEMBL3654494,COc1cccc(F)c1CN1CCC[C@@H](NC(=O)c2ccc3[nH]nc(-c4ccc5occc5c4)c3c2)C1,active,498.5580000000002,5.518200000000005,2.0,5.0,6.305157977749519
106,CHEMBL3654495,COc1cccc(F)c1CN1CCC[C@@H](NC(=O)c2ccc3[nH]nc(-c4ccc5cn[nH]c5c4)c3c2)C1,active,498.5620000000002,4.6483000000000025,3.0,5.0,6.787945635198837
107,CHEMBL3654496,COc1cccc(F)c1CN1CCC[C@@H](NC(=O)c2ccc3[nH]nc(-c4ccc(S(=O)(=O)N(C)C)cc4)c3c2)C1,active,565.6710000000002,4.022300000000003,2.0,6.0,6.444409843519753
108,CHEMBL3654497,COc1cccc(F)c1CN1CCC[C@@H](NC(=O)c2ccc3[nH]nc(-c4cccc(NC(C)=O)c4)c3c2)C1,active,515.5890000000002,4.730400000000003,3.0,5.0,6.542920851939672
109,CHEMBL3654498,COc1cccc(F)c1CN1CCC[C@@H](NC(=O)c2ccc3[nH]nc(-c4ccc(C(C)=O)cc4)c3c2)C1,active,500.57400000000024,4.974600000000004,2.0,5.0,6.722459544882569
110,CHEMBL3654499,COc1cccc(F)c1CN1CCC[C@@H](NC(=O)c2ccc3[nH]nc(-c4cccc(C(C)=O)c4)c3c2)C1,active,500.57400000000024,4.974600000000004,2.0,5.0,6.215625238332557
111,CHEMBL3654500,COc1cccc(F)c1CN1CCC[C@@H](NC(=O)c2ccc3[nH]nc(-c4ccc(C#N)cc4)c3c2)C1,active,483.5470000000002,4.643680000000003,2.0,5.0,6.808828544271441
112,CHEMBL3654501,COc1cccc(F)c1CN1CCC[C@@H](NC(=O)c2ccc3[nH]nc(-c4cccc(C#N)c4)c3c2)C1,active,483.5470000000002,4.643680000000003,2.0,5.0,6.578939280808121
113,CHEMBL3654502,COc1cccc(F)c1CN1CCC[C@@H](NC(=O)c2ccc3[nH]nc(-c4ccc(S(C)(=O)=O)cc4)c3c2)C1,active,536.6290000000001,4.175500000000002,2.0,6.0,6.711058066147122
114,CHEMBL3654503,COc1cccc(F)c1CN1CCC[C@@H](NC(=O)c2ccc3[nH]nc(-c4ccc(N)c(OC(C)=O)c4)c3c2)C1,active,531.5880000000002,4.279500000000001,3.0,7.0,6.316358691442529
115,CHEMBL3654504,Cc1cc(-c2n[nH]c3ccc(C(=O)N[C@@H]4CCCN(Cc5csc6ccccc56)C4)cc23)ccn1,active,481.6250000000002,5.542420000000004,2.0,5.0,7.728623128105926
116,CHEMBL3654505,Cc1cc(-c2n[nH]c3ccc(C(=O)N[C@@H]4CCCN(Cc5ccccc5Cl)C4)cc23)ccn1,active,459.9810000000002,4.981120000000003,2.0,4.0,7.551602896542232
117,CHEMBL3654506,CC(=O)n1cc(CN2CCC[C@@H](NC(=O)c3ccc4[nH]nc(-c5ccnc(C)c5)c4c3)C2)c2ccccc21,active,506.61000000000024,4.942520000000004,2.0,6.0,6.8132413728183865
118,CHEMBL3654507,Cc1cc(-c2n[nH]c3ccc(C(=O)N[C@@H]4CCCN(Cc5c(C)cccc5C)C4)cc23)ccn1,active,453.59000000000026,4.9445600000000045,2.0,4.0,7.0504148486733484
119,CHEMBL3654508,Cc1cc(-c2n[nH]c3ccc(C(=O)N[C@@H]4CCCN(Cc5cn(C)c6ccccc56)C4)cc23)ccn1,active,478.60000000000025,4.8194200000000045,2.0,5.0,7.666955970176513
120,CHEMBL3654509,Cc1cc(-c2n[nH]c3ccc(C(=O)N[C@@H]4CCCN(Cc5cc6ccccc6n5C)C4)cc23)ccn1,active,478.60000000000025,4.8194200000000045,2.0,5.0,7.379759810154169
121,CHEMBL3654510,CCn1cc(-c2n[nH]c3ccc(C(=O)N[C@@H]4CCCN(Cc5c(F)cccc5OC)C4)cc23)cn1,active,476.55600000000027,3.988400000000003,2.0,6.0,6.94420134046752
122,CHEMBL3654511,COc1cccc(F)c1CN1CCC[C@@H](NC(=O)c2ccc3[nH]nc(-c4ccc5cncn5c4)c3c2)C1,active,498.5620000000002,4.419700000000003,2.0,6.0,8.39577394691553
123,CHEMBL3654512,COc1cccc(F)c1CN1CCC[C@@H](NC(=O)c2ccc3[nH]nc(-c4ccc5nc(C)oc5c4)c3c2)C1,active,513.5730000000002,5.221620000000004,2.0,6.0,7.7848914189469065
124,CHEMBL3654513,COc1cccc(F)c1CN1CCC[C@@H](NC(=O)c2ccc3[nH]nc(-c4ccc5oc(C)nc5c4)c3c2)C1,active,513.5730000000002,5.221620000000004,2.0,6.0,7.340559218129682
125,CHEMBL3654514,Cc1cc(-c2n[nH]c3ccc(C(=O)N[C@@H]4CCCN(Cc5cc6ccccc6o5)C4)cc23)ccn1,active,465.55700000000024,5.073920000000004,2.0,5.0,7.82131076022441
126,CHEMBL3654515,Cc1cc(-c2n[nH]c3ccc(C(=O)N[C@@H]4CCCN(Cc5cc(F)c(Cl)cc5Cl)C4)cc23)ccn1,active,512.4160000000003,5.773620000000005,2.0,4.0,6.180521871637877
127,CHEMBL3654516,Cc1cc(-c2n[nH]c3ccc(C(=O)N[C@@H]4CCCN(Cc5cc6ccccc6s5)C4)cc23)ccn1,active,481.6250000000002,5.542420000000005,2.0,5.0,7.045275209020937
128,CHEMBL3654517,Cc1cc(-c2n[nH]c3ccc(C(=O)N[C@@H]4CCCN(Cc5ccncn5)C4)cc23)ccn1,active,427.51200000000017,3.117720000000001,2.0,6.0,6.295249095709329
129,CHEMBL3654518,COc1cccc(CN2CCC[C@@H](NC(=O)c3ccc4[nH]nc(-c5ccnc(C)c5)c4c3)C2)n1,active,456.5500000000002,3.731320000000002,2.0,6.0,6.656591406196142
130,CHEMBL3654519,Cc1cc(-c2n[nH]c3ccc(C(=O)N[C@@H]4CCCN(C5CCc6ccccc65)C4)cc23)ccn1,active,451.57400000000024,4.815020000000004,2.0,4.0,7.184422251675732
131,CHEMBL3654520,COc1cccc(F)c1CN1C[C@H](C)C[C@@H](NC(=O)c2ccc3[nH]nc(-c4ccnc(C)c4)c3c2)C1,active,487.57900000000024,4.721420000000004,2.0,5.0,6.69058277422186
132,CHEMBL3654521,COc1cccc(F)c1CN1C[C@@H](C)C[C@@H](NC(=O)c2ccc3[nH]nc(-c4ccc5nccn5c4)c3c2)C1,active,512.5890000000002,4.665700000000004,2.0,6.0,8.233587152887601
133,CHEMBL3654522,COc1cccc(F)c1CN1C[C@H](C)C[C@@H](NC(=O)c2ccc3[nH]nc(-c4ccc5nccn5c4)c3c2)C1,active,512.5890000000002,4.665700000000004,2.0,6.0,7.97469413473523
134,CHEMBL3654523,COc1cccc(F)c1CN1C[C@@H](C)C[C@@H](NC(=O)c2ccc3[nH]nc(-c4ccc5nn(C)cc5c4)c3c2)C1,active,526.6160000000002,4.904700000000004,2.0,6.0,8.214670164989233
135,CHEMBL3654524,COc1cccc(F)c1CN1C[C@H](C)C[C@@H](NC(=O)c2ccc3[nH]nc(-c4ccc5nn(C)cc5c4)c3c2)C1,active,526.6160000000002,4.904700000000004,2.0,6.0,6.662940273679475
136,CHEMBL3654525,COc1cccc(F)c1CN1CC(NC(=O)c2ccc3[nH]nc(-c4ccnc(C)c4)c3c2)CC(OC)C1,active,503.57800000000026,4.100320000000003,2.0,6.0,7.408267761048164
137,CHEMBL3654526,COc1cccc(F)c1CN1CCC[C@@H](NC(=O)c2ccc3[nH]nc(-c4ccc5nc(C)sc5c4)c3c2)C1,active,529.6410000000002,5.690120000000006,2.0,6.0,7.1051856709167
138,CHEMBL3654527,COc1cccc(F)c1CN1C[C@@H](NC(=O)c2ccc3[nH]nc(-c4ccnc(C)c4)c3c2)CCC1=O,active,487.53500000000025,4.002020000000003,2.0,5.0,6.0036634819042165
139,CHEMBL3654528,COc1cccc(F)c1CN1C[C@@H](NC(=O)c2ccc3[nH]nc(-c4ccc5nccn5c4)c3c2)CCC1=O,active,512.5450000000002,3.9463000000000017,2.0,6.0,6.178407873371882
140,CHEMBL3654529,COC(=O)C1CC(NC(=O)c2ccc3[nH]nc(-c4ccnc(C)c4)c3c2)CN(Cc2c(F)cccc2OC)C1,active,531.5880000000002,3.874520000000003,2.0,7.0,6.835141753037445
141,CHEMBL3654530,Cc1cc(-c2n[nH]c3ccc(C(=O)N[C@@H]4CCCN(Cc5ncccc5F)C4)cc23)ccn1,active,444.5140000000002,3.8618200000000034,2.0,5.0,6.630598586303376
142,CHEMBL3654531,Cc1cc(-c2n[nH]c3ccc(C(=O)N[C@@H]4CCCN(Cc5scnc5C)C4)cc23)ccn1,active,446.5800000000002,4.092640000000003,2.0,6.0,6.058140873474627
143,CHEMBL3654532,COc1ccsc1CN1CCC[C@@H](NC(=O)c2ccc3[nH]nc(-c4ccnc(C)c4)c3c2)C1,active,461.5910000000002,4.397820000000003,2.0,6.0,6.86359655186601
144,CHEMBL3654533,COc1cccc(F)c1CN1CC(NC(=O)c2ccc3[nH]nc(-c4ccc5nccn5c4)c3c2)CC(C(=O)O)C1,active,542.5710000000001,3.730400000000002,3.0,7.0,7.188961491395784
145,CHEMBL3654534,Cc1cc(-c2n[nH]c3ccc(C(=O)N[C@@H]4CCCN(C(C)c5ccccc5)C4)cc23)ccn1,active,439.56300000000016,4.888720000000004,2.0,4.0,6.89190876441878
146,CHEMBL3654535,Cc1cc(-c2n[nH]c3ccc(C(=O)NC4CCCN(Cc5ncccn5)C4)cc23)ccn1,active,427.51200000000017,3.117720000000002,2.0,6.0,6.0348406482797445
147,CHEMBL3654536,COc1cccc(F)c1CN1CC(CO)CC(NC(=O)c2ccc3[nH]nc(-c4ccc5nccn5c4)c3c2)C1,active,528.5880000000002,3.6381000000000014,3.0,7.0,6.854430702207011
148,CHEMBL3654537,Cc1cc(-c2n[nH]c3ccc(C(=O)N[C@@H]4CCCN(CCc5ccccc5F)C4)cc23)ccn1,active,457.5530000000002,4.509320000000004,2.0,4.0,7.00528701456843
149,CHEMBL3654538,Cc1cc(-c2n[nH]c3ccc(C(=O)N[C@@H]4CCCN(CCc5ccccc5C(F)(F)F)C4)cc23)ccn1,active,507.56000000000023,5.389020000000004,2.0,4.0,7.060880282351513
150,CHEMBL3654539,Cc1cc(-c2n[nH]c3ccc(C(=O)N[C@@H]4CCCN(CC(=O)c5ccccc5F)C4)cc23)ccn1,active,471.53600000000023,4.149520000000003,2.0,5.0,7.482276405166265
151,CHEMBL3654540,COc1cccc(F)c1CN1C[C@@H]2C[C@@H](NC(=O)c3ccc4[nH]nc(-c5ccc6nn(C)cc6c5)c4c3)[C@H]1C2,active,524.6000000000001,4.657100000000003,2.0,6.0,6.278329502382443
152,CHEMBL3654541,Cn1cc2cc(-c3n[nH]c4ccc(C(=O)NC5C[C@@H]6C[C@H]5N(Cc5c(F)cccc5F)C6)cc34)ccc2n1,active,512.5640000000002,4.787600000000004,2.0,5.0,6.054895941864173
153,CHEMBL3654542,CC(C)Oc1ccc(-c2n[nH]c3ccc(C(=O)N[C@@H]4CNC[C@H](c5ccccc5)C4)cc23)cc1,active,454.5740000000002,4.892600000000003,3.0,4.0,7.3453422453504755
154,CHEMBL3654543,Cn1cc(-c2n[nH]c3ccc(C(=O)N[C@@H]4CCCN(Cc5ccccc5F)C4)cc23)ccc1=O,active,459.5250000000002,3.462100000000002,2.0,5.0,7.676541633150532
155,CHEMBL3654544,O=C(N[C@@H]1CCCN(c2ccccc2F)C1)c1ccc2[nH]nc(-c3ccncc3)c2c1,active,415.47200000000015,4.1628000000000025,2.0,4.0,7.205511953340831
156,CHEMBL3654545,COc1cccc(F)c1CN1CCCCC(NC(=O)c2ccc3[nH]nc(-c4ccncc4)c3c2)C1,active,473.55200000000013,4.557100000000004,2.0,5.0,6.636726563309541
157,CHEMBL3654546,O=C(NC1CCCCN(Cc2c(F)cccc2F)C1)c1ccc2[nH]nc(-c3ccncc3)c2c1,active,461.5160000000002,4.687600000000004,2.0,4.0,6.829620923576925
158,CHEMBL3654547,O=C(NC1CCCCN(Cc2ccccc2F)C1)c1ccc2[nH]nc(-c3ccncc3)c2c1,active,443.5260000000001,4.548500000000004,2.0,4.0,7.10100072911021
159,CHEMBL3654548,O=C(NC1CCCCN(Cc2ccccn2)C1)c1ccc2[nH]nc(-c3ccncc3)c2c1,active,426.5240000000001,3.804400000000002,2.0,5.0,6.432750070927912
160,CHEMBL3654549,O=C(NC1CCCCN(CCc2ccccc2)C1)c1ccc2[nH]nc(-c3ccncc3)c2c1,active,439.56300000000016,4.451900000000004,2.0,4.0,8.059234564368783
161,CHEMBL3654550,O=C(N[C@@H]1CCCN(Cc2c(F)cccc2F)C1)c1ccc2[nH]nc(-c3ccnc(Cl)c3)c2c1,active,481.93400000000014,4.950900000000003,2.0,4.0,7.2057211342786
162,CHEMBL3654551,O=C(NC1CCCCN(Cc2ccccc2)C1)c1ccc2[nH]nc(-c3ccncc3)c2c1,active,425.5360000000001,4.409400000000003,2.0,4.0,6.603103550857476
163,CHEMBL3654552,O=C(NC1CN(C(=O)OCc2ccccc2)CC(F)(F)C1)c1ccc2[nH]nc(-c3ccncc3)c2c1,active,491.4980000000002,4.401100000000003,2.0,5.0,6.979307321317972
164,CHEMBL3654553,COc1cccc(F)c1CN1CC(NC(=O)c2ccc3[nH]nc(-c4ccncc4)c3c2)CC(F)(F)C1,active,495.50500000000017,4.412200000000003,2.0,5.0,7.760700520873107
165,CHEMBL3654554,O=C(NC1CN(Cc2c(F)cccc2F)CC(F)(F)C1)c1ccc2[nH]nc(-c3ccncc3)c2c1,active,483.46900000000016,4.5427000000000035,2.0,4.0,6.618487825267976
166,CHEMBL3654555,O=C(NC1CCCNC1)c1ccc2[nH]nc(-c3ccncc3)c2c1,active,321.38400000000007,2.1067,3.0,4.0,6.078074338344056
167,CHEMBL3654556,O=C(NC1CCCCN(CCCc2ccccc2)C1)c1ccc2[nH]nc(-c3ccncc3)c2c1,active,453.5900000000002,4.842000000000004,2.0,4.0,7.139781815331244
168,CHEMBL3654557,Cc1cc(-c2n[nH]c3ccc(C(=O)N[C@@H]4CCCN(CC(O)c5ccccc5F)C4)cc23)ccn1,active,473.5520000000002,4.000220000000003,3.0,5.0,6.743354401955548
169,CHEMBL3654558,COc1cccc(F)c1CN1C[C@@H](C(F)(F)F)C[C@@H](NC(=O)c2ccc3[nH]nc(-c4ccc5nccn5c4)c3c2)C1,active,566.5590000000001,5.2081000000000035,2.0,6.0,7.745693667668714
170,CHEMBL3654559,COc1cccc(F)c1CN1C[C@H](NC(=O)c2ccc3[nH]nc(-c4ccc5nccn5c4)c3c2)C[C@@H](C(F)(F)F)C1,active,566.5590000000002,5.208100000000004,2.0,6.0,6.743282254022513
171,CHEMBL3639534,COc1cccc(F)c1CN1CCC(O[Si](C)(C)C(C)(C)C)C(NC(=O)c2ccc3[nH]nc(-c4ccc5nccn5c4)c3c2)C1,active,628.825,6.420000000000006,2.0,7.0,6.497695810944888
172,CHEMBL3654560,COc1cccc(F)c1CN1CCC(O)C(NC(=O)c2ccc3[nH]nc(-c4ccc5nccn5c4)c3c2)C1,active,514.5610000000001,3.390500000000001,3.0,7.0,7.375408540873152
173,CHEMBL3654561,COc1cccc(F)c1CN1CCC(F)C(NC(=O)c2ccc3[nH]nc(-c4ccc5nccn5c4)c3c2)C1,active,516.5520000000001,4.367700000000003,2.0,6.0,7.788879458741951
174,CHEMBL3654562,COC(=O)[C@@H]1CC[C@@H](NC(=O)c2ccc3[nH]nc(-c4ccncc4)c3c2)CN1,active,379.42000000000013,1.6482999999999997,3.0,6.0,6.841909026814441
175,CHEMBL3654563,O=C(NC1CCCCN(CCc2ccccc2F)C1)c1ccc2[nH]nc(-c3ccncc3)c2c1,active,457.55300000000017,4.591000000000004,2.0,4.0,8.301029995663981
176,CHEMBL3654564,COC(=O)[C@@H]1CC[C@@H](NC(=O)c2ccc3[nH]nc(-c4ccncc4)c3c2)CN1Cc1ccccc1,active,469.54500000000024,3.560900000000002,2.0,6.0,7.390619055749293
177,CHEMBL3654565,COc1cccc(F)c1CN1CCC[C@@H](NC(=O)c2ccc3[nH]nc(-c4ccn5ncnc5c4)c3c2)C1,active,499.5500000000002,3.814700000000002,2.0,7.0,7.161528720928072
178,CHEMBL3654566,COc1cccc(F)c1CN1CCC[C@@H](NC(=O)c2ccc3[nH]nc(-c4ccc5nc(C)nn5c4)c3c2)C1,active,513.5770000000002,4.123120000000003,2.0,7.0,7.654234306885511
179,CHEMBL3654567,COc1cccc(F)c1CN1CCC[C@@H](NC(=O)c2ccc3[nH]nc(-c4ccc5nncn5c4)c3c2)C1,active,499.5500000000002,3.814700000000002,2.0,7.0,8.189767482004916
180,CHEMBL3654568,COc1cccc(F)c1CN1CC(NC(=O)c2ccc3[nH]nc(-c4ccnc(C)c4)c3c2)CCC1C,active,487.57900000000024,4.863920000000004,2.0,5.0,7.571379327328061
181,CHEMBL3654569,COc1cccc(F)c1CN1CCCC(NC(=O)c2ccc3[nH]nc(-c4ccnc(C)c4)c3c2)C1C,active,487.5790000000002,4.863920000000004,2.0,5.0,7.1743791749965
182,CHEMBL3654570,Cc1cc(-c2n[nH]c3ccc(C(=O)N[C@@H]4CCCN(CC(F)(F)c5ccccc5F)C4)cc23)ccn1,active,493.5330000000002,5.058620000000004,2.0,4.0,6.7704461360188635
183,CHEMBL3654571,Cc1cc(-c2n[nH]c3ccc(C(=O)N[C@@H]4CCCN(CC(F)(F)c5ccccc5)C4)cc23)ccn1,active,475.5430000000002,4.919520000000004,2.0,4.0,7.116281798036041
184,CHEMBL3654572,O=C(NC1CCCCN(CCc2cccc3ccccc23)C1)c1ccc2[nH]nc(-c3ccncc3)c2c1,active,489.6230000000002,5.6051000000000055,2.0,4.0,7.890421453095613
185,CHEMBL3654573,O=C(NC1CCCCN(CCc2cccc(F)c2)C1)c1ccc2[nH]nc(-c3ccncc3)c2c1,active,457.55300000000017,4.591000000000004,2.0,4.0,7.872571222148401
186,CHEMBL3654574,COc1cccc(F)c1CN1CCC[C@@H](NC(=O)c2ccc3[nH]nc(-c4ccc5ncsc5c4)c3c2)C1,active,515.6140000000001,5.381700000000005,2.0,6.0,7.548981547844543
187,CHEMBL3654575,CCc1nnc2ccc(-c3n[nH]c4ccc(C(=O)N[C@@H]5CCCN(Cc6c(F)cccc6OC)C5)cc34)cn12,active,527.6040000000004,4.377100000000004,2.0,7.0,7.14923127307112
188,CHEMBL3654576,CN1CC(NC(=O)c2ccc3[nH]nc(-c4ccc5nccn5c4)c3c2)CCC1C1CC1,active,414.5130000000002,3.4802000000000026,2.0,5.0,6.403688863219171
189,CHEMBL3654577,COc1cccc(F)c1CN1CC(NC(=O)c2ccc3[nH]nc(-c4ccc5nccn5c4)c3c2)CCC1C1CC1,active,538.6270000000001,5.198300000000004,2.0,6.0,7.306976932076306
190,CHEMBL3654578,O=C(N[C@@H]1CCCN(Cc2ncon2)C1)c1ccc2[nH]nc(-c3ccncc3)c2c1,active,403.44600000000014,2.4023000000000003,2.0,7.0,7.300248968310486
191,CHEMBL3654579,O=C(NC1CN(Cc2ccccc2F)CC(F)(F)C1)c1ccc2[nH]nc(-c3ccncc3)c2c1,active,465.4790000000002,4.403600000000003,2.0,4.0,6.897703533846399
192,CHEMBL3654580,O=C(NC1CN(Cc2ccccc2)CC(F)(F)C1)c1ccc2[nH]nc(-c3ccncc3)c2c1,active,447.48900000000015,4.264500000000003,2.0,4.0,6.842936299617377
193,CHEMBL3654581,O=C(NC1CCCCN(CCc2ccc(F)cc2)C1)c1ccc2[nH]nc(-c3ccncc3)c2c1,active,457.55300000000017,4.591000000000004,2.0,4.0,7.00841954282566
194,CHEMBL3654582,COC(=O)[C@H]1CC[C@@H](NC(=O)c2ccc3[nH]nc(-c4ccncc4)c3c2)CN1Cc1ccccc1,active,469.54500000000024,3.560900000000002,2.0,6.0,6.876573064995579
195,CHEMBL3654583,O=C(CN1CCCCC(NC(=O)c2ccc3[nH]nc(-c4ccncc4)c3c2)C1)c1ccccc1,active,453.5460000000002,4.092100000000003,2.0,5.0,7.4579218536643745
196,CHEMBL3654584,COc1cccc(F)c1CN1CCC[C@@H](NC(=O)c2ccc3[nH]nc(-c4ccc5nsnc5c4)c3c2)C1,active,516.6020000000001,4.7767000000000035,2.0,7.0,6.755920893327612
197,CHEMBL3654585,COc1cccc(F)c1CN1CCC[C@@H](NC(=O)c2ccc3[nH]nc(-c4ccc5nonc5c4)c3c2)C1,active,500.5340000000002,4.308200000000003,2.0,7.0,6.52154894685285
198,CHEMBL3654586,COc1cccc(F)c1CN1CCC[C@@H](NC(=O)c2ccc3[nH]nc(-c4ccc5nc(C(F)(F)F)nn5c4)c3c2)C1,active,567.547,4.8335000000000035,2.0,7.0,6.084964428312635
199,CHEMBL3654587,COc1cccc(F)c1CN1CCC[C@@H](NC(=O)c2ccc3[nH]nc(-c4nc5ccccc5s4)c3c2)C1,active,515.6140000000001,5.381700000000005,2.0,6.0,6.527989949915427
200,CHEMBL3654588,COc1cccc(F)c1CN1C[C@H](NC(=O)c2ccc3[nH]nc(-c4ccc5nccn5c4)c3c2)CCC1=O,active,512.5450000000002,3.9463000000000017,2.0,6.0,7.159956669396506
201,CHEMBL3654589,O=C(NC12CC1CCN(Cc1ccccc1)C2)c1ccc2[nH]nc(-c3ccc4nccn4c3)c2c1,active,462.55700000000013,4.272000000000003,2.0,5.0,6.699795948747534
202,CHEMBL3654590,CN(C)C(=O)[C@@H]1CC[C@@H](NC(=O)c2ccc3[nH]nc(-c4ccncc4)c3c2)CN1Cc1ccccc1,active,482.58800000000025,3.4761000000000024,2.0,5.0,7.289797985344615
203,CHEMBL3654591,COc1ccccc1CCN1CCCCC(NC(=O)c2ccc3[nH]nc(-c4ccncc4)c3c2)C1,active,469.58900000000017,4.460500000000003,2.0,5.0,7.507658746745026
204,CHEMBL3654592,O=C(N[C@@H]1CC[C@@H](C(=O)NCc2ccccc2)N(Cc2ccccc2)C1)c1ccc2[nH]nc(-c3ccncc3)c2c1,active,544.6590000000002,4.7043000000000035,3.0,5.0,7.323032185705242
205,CHEMBL3654593,CCNC(=O)[C@@H]1CC[C@@H](NC(=O)c2ccc3[nH]nc(-c4ccncc4)c3c2)CN1Cc1ccccc1,active,482.58800000000025,3.524000000000002,3.0,5.0,7.315693353928368
206,CHEMBL3654594,CC(C)C(NC(=O)[C@@H]1CC[C@@H](NC(=O)c2ccc3[nH]nc(-c4ccncc4)c3c2)CN1Cc1ccccc1)C(C)C,active,552.7230000000002,5.184700000000005,3.0,5.0,6.5813010637735765
207,CHEMBL3654595,O=C(NC1CCCCN(CC2CCc3ccccc32)C1)c1ccc2[nH]nc(-c3ccncc3)c2c1,active,465.6010000000002,4.939200000000005,2.0,4.0,7.0684404329091945
208,CHEMBL3654596,O=C(N[C@@H]1CC[C@H](C(=O)NCc2ccccc2)NC1)c1ccc2[nH]nc(-c3ccncc3)c2c1,active,454.5340000000002,2.7916999999999996,4.0,5.0,6.430590973652573
209,CHEMBL3654597,O=C(N[C@@H]1CC[C@@H](C(=O)NCc2ccccc2)NC1)c1ccc2[nH]nc(-c3ccncc3)c2c1,active,454.5340000000002,2.7916999999999996,4.0,5.0,6.921072166319281
210,CHEMBL3654598,COc1cccc(F)c1CN1C[C@@H](C)C[C@@H](NC(=O)c2ccc3[nH]nc(-c4ccc5nc(C)sc5c4)c3c2)C1,active,543.6680000000001,5.936120000000006,2.0,6.0,8.435333935747911
211,CHEMBL3654599,COc1cccc(F)c1CN1C[C@H](NC(=O)c2ccc3[nH]nc(-c4ccc5nccn5c4)c3c2)CC(F)(F)C1,active,534.5420000000001,4.664900000000004,2.0,6.0,7.621420423884225
212,CHEMBL3654600,O=C(N[C@H]1CN(Cc2c(F)cccc2F)CC(F)(F)C1)c1ccc2[nH]nc(-c3ccc4nccn4c3)c2c1,active,522.5060000000002,4.795400000000003,2.0,5.0,6.6299127165648
213,CHEMBL3654601,O=C(NC12CC1CCN(Cc1c(F)cccc1F)C2)c1ccc2[nH]nc(-c3ccc4nccn4c3)c2c1,active,498.5370000000002,4.550200000000004,2.0,5.0,6.865791007067917
214,CHEMBL3654602,COc1cccc(F)c1CN1CCC2CC2(NC(=O)c2ccc3[nH]nc(-c4ccc5nccn5c4)c3c2)C1,active,510.5730000000002,4.419700000000003,2.0,6.0,7.065299598284575
215,CHEMBL3654603,CN1C[C@H](NC(=O)c2ccc3[nH]nc(-c4ccncc4)c3c2)CC[C@H]1C(=O)NCc1ccccc1,active,468.56100000000026,3.1339000000000015,3.0,5.0,6.455696259756933
216,CHEMBL3654604,COc1ccccc1CN1CC(NC(=O)c2ccc3[nH]nc(-c4ccncc4)c3c2)CC(F)(F)C1,active,477.51500000000016,4.273100000000003,2.0,5.0,6.776763726897002
217,CHEMBL3654605,Cc1cccc(C)c1CN1CC(NC(=O)c2ccc3[nH]nc(-c4ccncc4)c3c2)CC(F)(F)C1,active,475.5430000000002,4.881340000000004,2.0,4.0,6.340197852843285
218,CHEMBL3654606,COC(=O)[C@@H]1CC[C@@H](NC(=O)c2ccc3[nH]nc(-c4ccncc4)c3c2)CN1Cc1c(F)cccc1OC,active,517.5610000000003,3.7086000000000023,2.0,7.0,7.392223396258307
219,CHEMBL3654607,COc1cccc(F)c1CN1C[C@@H](NC(=O)c2ccc3[nH]nc(-c4ccc5ncsc5c4)c3c2)C[C@@H](C)C1,active,529.6410000000001,5.627700000000005,2.0,6.0,7.817300096663957
220,CHEMBL3654608,Cn1cc2cc(-c3n[nH]c4ccc(C(=O)N[C@@H]5C[C@H](C(F)(F)F)CN(Cc6c(F)cccc6F)C5)cc34)ccc2n1,active,568.5500000000001,5.577600000000005,2.0,5.0,7.399680670248339
221,CHEMBL3654609,Cn1cc2cc(-c3n[nH]c4ccc(C(=O)N[C@H]5C[C@@H](C(F)(F)F)CN(Cc6c(F)cccc6F)C5)cc34)ccc2n1,active,568.5500000000001,5.577600000000005,2.0,5.0,6.426142484817869
222,CHEMBL3654610,COc1cccc(F)c1CN1C[C@H](NC(=O)c2ccc3[nH]nc(-c4ccncc4)c3c2)CCC1CO,active,489.5510000000002,3.527900000000002,3.0,6.0,8.446116973356126
223,CHEMBL3654611,O=C(N[C@@H]1CCCN(Cc2c(F)cccc2F)C1)c1ccc2[nH]nc(-c3ccncc3)c2c1,active,447.48900000000015,4.297500000000003,2.0,4.0,7.44165149123838
224,CHEMBL3654612,O=C(NC1CCCCN(CCc2c(F)cccc2F)C1)c1ccc2[nH]nc(-c3ccncc3)c2c1,active,475.5430000000002,4.730100000000004,2.0,4.0,7.363612414186844
225,CHEMBL3654613,COC[C@H]1CC[C@@H](NC(=O)c2ccc3[nH]nc(-c4ccncc4)c3c2)CN1Cc1c(F)cccc1OC,active,503.57800000000026,4.182000000000003,2.0,6.0,6.341111356034226
226,CHEMBL3654614,COc1cccc(F)c1CN1CCC[C@@H](NC(=O)c2ccc3[nH]nc(-c4ccncc4)c3c2)C1,active,459.52500000000015,4.1670000000000025,2.0,5.0,7.856672870007953
227,CHEMBL3654615,COc1cccc(F)c1CN1C[C@@H](NC(=O)c2ccc3[nH]nc(-c4ccc5nsnc5c4)c3c2)C[C@@H](C)C1,active,530.6290000000001,5.022700000000004,2.0,7.0,7.1328862201680225
228,CHEMBL3654616,COc1cccc(F)c1CC1C[C@H](C(F)(F)F)C[C@H](NC(=O)c2ccc3[nH]nc(-c4ccc5nn(C)cc5c4)c3c2)C1,active,579.5980000000001,6.584000000000005,2.0,5.0,6.091638316819022
229,CHEMBL3654617,COc1cccc(F)c1CN1C[C@@H](C)C[C@@H](NC(=O)c2ccc3[nH]nc(-c4ccn5ncnc5c4)c3c2)C1,active,513.5770000000002,4.060700000000002,2.0,7.0,7.819874124835946
230,CHEMBL3654618,COc1cccc(F)c1CN1C[C@@H](C)C[C@@H](NC(=O)c2ccc3[nH]nc(-c4ccc5nonc5c4)c3c2)C1,active,514.5610000000001,4.554200000000003,2.0,7.0,6.893469146177619
231,CHEMBL3654619,COc1cccc(F)c1CN1C[C@@H](C)C[C@@H](NC(=O)c2ccc3[nH]nc(-c4nc5ccccc5s4)c3c2)C1,active,529.6410000000002,5.627700000000005,2.0,6.0,7.212327035312507
232,CHEMBL3654620,Cn1cnnc1CN1CCC[C@@H](NC(=O)c2ccc3[nH]nc(-c4ccncc4)c3c2)C1,active,416.48900000000015,2.1477999999999993,2.0,7.0,6.636369219887862
233,CHEMBL3654621,COCCOc1cccc(F)c1CN1CCC[C@@H](NC(=O)c2ccc3[nH]nc(-c4ccncc4)c3c2)C1,active,503.57800000000015,4.183600000000003,2.0,6.0,7.770830297460899
234,CHEMBL3654622,CNC(=O)[C@@H]1CC[C@@H](NC(=O)c2ccc3[nH]nc(-c4ccncc4)c3c2)CN1Cc1c(F)cccc1OC,active,516.5770000000002,3.281600000000002,3.0,6.0,8.61798295742513
235,CHEMBL3654623,CCOC(=O)C1CCN(Cc2ccccc2)CC1NC(=O)c1ccc2[nH]nc(-c3ccncc3)c2c1,active,483.5720000000002,3.808500000000002,2.0,6.0,6.718194230373397
236,CHEMBL3654624,O=C(NC1COCCN(CCc2c(F)cccc2F)C1)c1ccc2[nH]nc(-c3ccncc3)c2c1,active,477.51500000000016,3.5764000000000014,2.0,5.0,7.68277265082358
237,CHEMBL3654625,O=C(NC1COCCN(CCc2ccccc2F)C1)c1ccc2[nH]nc(-c3ccncc3)c2c1,active,459.52500000000015,3.4373000000000014,2.0,5.0,8.007004901568658
238,CHEMBL3654626,O=C(NC1COCCN(CCc2cccc(F)c2)C1)c1ccc2[nH]nc(-c3ccncc3)c2c1,active,459.52500000000015,3.4373000000000014,2.0,5.0,7.210419287835575
239,CHEMBL3654627,Cc1cc(-c2n[nH]c3ccc(C(=O)NC4CC[C@H]5CC[C@@H]4N5Cc4ccccc4F)cc23)ccn1,active,469.5640000000002,4.997820000000004,2.0,4.0,8.040958607678906
240,CHEMBL3654628,COc1cccc(F)c1CN1C2CCC(NC(=O)c3ccc4[nH]nc(-c5ccnc(C)c5)c4c3)C1CC2,active,499.59000000000026,5.006420000000004,2.0,5.0,7.690369832574102
241,CHEMBL3654629,COc1cccc(F)c1CN1C[C@H](NC(=O)c2ccc3[nH]nc(-c4ccncc4)c3c2)CC[C@H]1C(=O)N(C)C,active,530.6040000000002,3.623800000000003,2.0,6.0,7.739928612014925
242,CHEMBL3654630,COc1cccc(F)c1CN1C[C@H](NC(=O)c2ccc3[nH]nc(-c4ccncc4)c3c2)CC[C@H]1C(N)=O,active,502.55000000000024,3.0209,3.0,6.0,8.769551078621726
243,CHEMBL3654631,CCN(CC)C(=O)[C@@H]1CC[C@@H](NC(=O)c2ccc3[nH]nc(-c4ccncc4)c3c2)CN1Cc1c(F)cccc1OC,active,558.6580000000002,4.4040000000000035,2.0,6.0,7.735182176990463
244,CHEMBL3654632,COc1cccc(F)c1CN1C[C@H](NC(=O)c2ccc3[nH]nc(-c4ccncc4)c3c2)CC[C@H]1C(=O)N1CCCCC1,active,570.6689999999999,4.548100000000004,2.0,6.0,7.2225731776106885
245,CHEMBL3654633,COc1cccc(F)c1CN1C[C@H](NC(=O)c2ccc3[nH]nc(-c4ccncc4)c3c2)CC[C@H]1C(=O)N1CCCC1,active,556.6419999999999,4.158000000000004,2.0,6.0,7.449771646944906
246,CHEMBL3654634,COc1cccc(F)c1CN1C[C@H](NC(=O)c2ccc3[nH]nc(-c4ccncc4)c3c2)CC[C@H]1C(=O)N1CCC(F)(F)CC1,active,606.649,4.793300000000004,2.0,6.0,7.455931955649724
247,CHEMBL3654635,COc1cccc(F)c1CN1C[C@H](NC(=O)c2ccc3[nH]nc(-c4ccnc(C)c4)c3c2)CC[C@H]1C(=O)N(C)C,active,544.6310000000002,3.9322200000000027,2.0,6.0,7.422508200162775
248,CHEMBL3654636,CCN(CC)C(=O)[C@@H]1CC[C@@H](NC(=O)c2ccc3[nH]nc(-c4ccnc(C)c4)c3c2)CN1Cc1c(F)cccc1OC,active,572.6850000000003,4.712420000000003,2.0,6.0,7.790484985457369
249,CHEMBL3654637,COc1cccc(F)c1CN1C[C@H](NC(=O)c2ccc3[nH]nc(-c4ccnc(C)c4)c3c2)CC[C@H]1C(=O)N1CC(F)(F)C1,active,592.6220000000002,4.321520000000003,2.0,6.0,7.8297382846050425
250,CHEMBL3654638,COc1cccc(F)c1CN1C[C@H](NC(=O)c2ccc3[nH]nc(-c4ccnc(C)c4)c3c2)CC[C@H]1C(=O)N1CCC1,active,556.642,4.0763200000000035,2.0,6.0,7.45717457304082
251,CHEMBL3654639,COc1cccc(F)c1CN1C[C@H](NC(=O)c2ccc3[nH]nc(-c4ccnc(C)c4)c3c2)CC[C@H]1C(=O)N1CCOCC1,active,586.668,3.7028200000000027,2.0,7.0,7.739928612014925
252,CHEMBL3654640,COc1cccc(F)c1CN1C[C@H](NC(=O)c2ccc3[nH]nc(-c4ccnc(C)c4)c3c2)CC[C@H]1C(=O)NCCOCc1ccccc1,active,650.7550000000001,5.177020000000005,3.0,7.0,6.9186526921958675
253,CHEMBL3654641,COCCNC(=O)[C@@H]1CC[C@@H](NC(=O)c2ccc3[nH]nc(-c4ccnc(C)c4)c3c2)CN1Cc1c(F)cccc1OC,active,574.6570000000003,3.606620000000002,3.0,7.0,7.246416941107094
254,CHEMBL3654642,COc1cccc(F)c1CN1C[C@H](NC(=O)c2ccc3[nH]nc(-c4ccnc(C)c4)c3c2)CC[C@H]1C(=O)NC(C)C,active,558.6580000000002,4.3686200000000035,3.0,6.0,7.3325470471100465
255,CHEMBL3654643,COc1cccc(F)c1CN1C[C@H](NC(=O)c2ccc3[nH]nc(-c4ccnc(C)c4)c3c2)CC[C@H]1C(=O)NC1CCCC1,active,584.696,4.902820000000005,3.0,6.0,6.978810700930062
256,CHEMBL3654644,COc1cccc(F)c1CN1C[C@H](NC(=O)c2ccc3[nH]nc(-c4ccnc(C)c4)c3c2)CC[C@H]1C(=O)NCCO,active,560.6300000000002,2.952520000000001,4.0,7.0,8.2518119729938
257,CHEMBL3654645,CCCN(CCC)C(=O)[C@@H]1CC[C@@H](NC(=O)c2ccc3[nH]nc(-c4ccnc(C)c4)c3c2)CN1Cc1c(F)cccc1OC,active,600.7390000000003,5.492620000000005,2.0,6.0,6.84955059053912
258,CHEMBL3654646,CCCCN(CCCC)C(=O)[C@@H]1CC[C@@H](NC(=O)c2ccc3[nH]nc(-c4ccnc(C)c4)c3c2)CN1Cc1c(F)cccc1OC,active,628.7930000000002,6.2728200000000065,2.0,6.0,6.29929628285498
259,CHEMBL3654647,CCN(C)C(=O)[C@@H]1CC[C@@H](NC(=O)c2ccc3[nH]nc(-c4ccnc(C)c4)c3c2)CN1Cc1c(F)cccc1OC,active,558.6580000000002,4.322320000000003,2.0,6.0,7.661543506395395
260,CHEMBL3654648,CCCN(C)C(=O)[C@@H]1CC[C@@H](NC(=O)c2ccc3[nH]nc(-c4ccnc(C)c4)c3c2)CN1Cc1c(F)cccc1OC,active,572.6850000000003,4.712420000000003,2.0,6.0,7.2441251443275085
261,CHEMBL3654649,CCN(CC)C(=O)[C@@H]1CC[C@@H](NC(=O)c2ccc3[nH]nc(-c4ccnc(C)c4)c3c2)CN1Cc1c(F)cccc1F,active,560.6490000000003,4.842920000000004,2.0,5.0,7.09312646527793
262,CHEMBL3654650,Cc1cc(-c2n[nH]c3ccc(C(=O)N[C@@H]4CC[C@@H](C(=O)N(C)C)N(Cc5c(F)cccc5F)C4)cc23)ccn1,active,532.5950000000003,4.062720000000003,2.0,5.0,7.130768280269024
263,CHEMBL3654651,Cc1cc(-c2n[nH]c3ccc(C(=O)N[C@@H]4CC[C@@H](C(=O)N5CC(F)(F)C5)N(Cc5c(F)cccc5F)C4)cc23)ccn1,active,580.5860000000001,4.452020000000004,2.0,5.0,7.015472686656207
264,CHEMBL3654652,Cc1cc(-c2n[nH]c3ccc(C(=O)N[C@@H]4CC[C@@H](C(=O)N(C)C)N(Cc5ccccc5F)C4)cc23)ccn1,active,514.6050000000002,3.9236200000000023,2.0,5.0,7.404503778174426
265,CHEMBL3654653,CCN(CC)C(=O)[C@@H]1CC[C@@H](NC(=O)c2ccc3[nH]nc(-c4ccnc(C)c4)c3c2)CN1Cc1ccccc1F,active,542.6590000000003,4.703820000000004,2.0,5.0,7.696803942579511
266,CHEMBL3654654,Cc1cc(-c2n[nH]c3ccc(C(=O)N[C@@H]4CC[C@@H](C(=O)N5CC(F)(F)C5)N(Cc5ccccc5F)C4)cc23)ccn1,active,562.5960000000002,4.312920000000004,2.0,5.0,7.247183568811729
267,CHEMBL3654655,Cc1cc(-c2n[nH]c3ccc(C(=O)N[C@@H]4CC[C@@H](C(=O)N(C)C)N(Cc5cccs5)C4)cc23)ccn1,active,502.64400000000023,3.846020000000003,2.0,6.0,7.841637507904751
268,CHEMBL3654656,Cc1cc(-c2n[nH]c3ccc(C(=O)N[C@@H]4CC[C@@H](C(=O)N5CC(F)(F)C5)N(Cc5cccs5)C4)cc23)ccn1,active,550.6350000000002,4.235320000000003,2.0,6.0,7.58838029403677
269,CHEMBL3654657,CCN(CC)C(=O)[C@@H]1CC[C@@H](NC(=O)c2ccc3[nH]nc(-c4ccnc(C)c4)c3c2)CN1Cc1cccs1,active,530.6980000000002,4.6262200000000036,2.0,6.0,7.549750891680639
270,CHEMBL3654658,COc1cccc(F)c1CN1C[C@H](NC(=O)c2ccc3[nH]nc(-c4ccc5nn(C)cc5c4)c3c2)CC[C@H]1C(=O)N(C)C,active,583.6680000000001,4.1155000000000035,2.0,7.0,7.798602875679548
271,CHEMBL3639535,CCN(CC)C(=O)[C@@H]1CC[C@@H](NC(=O)c2ccc3[nH]nc(-c4ccc5nn(C)cc5c4)c3c2)CN1Cc1c(F)cccc1OC,active,611.7220000000003,4.895700000000003,2.0,7.0,7.404503778174426
272,CHEMBL3654659,COc1cccc(F)c1CN1C[C@H](NC(=O)c2ccc3[nH]nc(-c4ccc5nn(C)cc5c4)c3c2)CC[C@H]1C(=O)N1CC(F)(F)C1,active,631.6590000000001,4.504800000000004,2.0,7.0,7.642065152999546
273,CHEMBL3654660,COc1cccc(F)c1CN1C[C@H](NC(=O)c2ccc3[nH]nc(-c4ccc5nc(C)sc5c4)c3c2)CC[C@H]1C(=O)N(C)C,active,600.72,5.146920000000004,2.0,7.0,7.318758762624412
274,CHEMBL3654661,COc1cccc(F)c1CN1C[C@H](NC(=O)c2ccc3[nH]nc(-c4ccc5nn(C)cc5c4)c3c2)CC[C@H]1C(=O)Nc1nccs1,active,638.7290000000002,5.122500000000004,3.0,9.0,6.948076083953893
275,CHEMBL3654662,Cc1cc(-c2n[nH]c3ccc(C(=O)N[C@@H]4CC[C@@H](C(=O)N(C)C)N(CCc5ccccc5)C4)cc23)ccn1,active,510.6420000000003,3.827020000000002,2.0,5.0,6.881735273910521
276,CHEMBL3654663,CCN(CC)C(=O)[C@@H]1CC[C@@H](NC(=O)c2ccc3[nH]nc(-c4ccnc(C)c4)c3c2)CN1CCc1ccccc1,active,538.6960000000004,4.607220000000003,2.0,5.0,6.801893001126598
277,CHEMBL3654664,Cc1cc(-c2n[nH]c3ccc(C(=O)N[C@@H]4CC[C@@H](C(=O)N5CC(F)(F)C5)N(CCc5ccccc5)C4)cc23)ccn1,active,558.6330000000003,4.216320000000003,2.0,5.0,6.634137784597445
278,CHEMBL3654665,Cc1cc(-c2n[nH]c3ccc(C(=O)N[C@@H]4CC[C@@H](C(=O)Nc5nccs5)N(CCc5ccccc5)C4)cc23)ccn1,active,565.7030000000002,4.834020000000004,3.0,7.0,6.877129077135565
279,CHEMBL3654666,CCN(CC)C(=O)[C@@H]1CC[C@@H](NC(=O)c2ccc3[nH]nc(-c4ccc5nc(C)sc5c4)c3c2)CN1Cc1c(F)cccc1OC,active,628.7740000000002,5.927120000000006,2.0,7.0,7.482804102050026
280,CHEMBL3658416,COc1cccc(F)c1CN1C[C@H](NC(=O)c2ccc3[nH]nc(-c4ccc5nc(C)sc5c4)c3c2)CC[C@H]1C(=O)N1CC(F)(F)C1,active,648.711,5.536220000000005,2.0,7.0,7.324221658325915
281,CHEMBL3658417,COc1cccc(F)c1CN1C[C@H](NC(=O)c2ccc3[nH]nc(-c4ccc5nc(C)sc5c4)c3c2)CC[C@H]1C(N)=O,active,572.666,4.544020000000002,3.0,7.0,8.443697499232712
282,CHEMBL3658418,COc1cccc(F)c1CN1C[C@H](NC(=O)c2ccc3[nH]nc(-c4ccnc(C)c4)c3c2)CC[C@H]1C(N)=O,active,516.5770000000002,3.329320000000001,3.0,6.0,9.0
283,CHEMBL3658419,COc1cccc(F)c1CN1C[C@H](NC(=O)c2ccc3[nH]nc(-c4ccnc(C)c4)c3c2)CC[C@H]1C(=O)NN,active,531.5920000000002,2.83392,4.0,7.0,9.0
284,CHEMBL3658420,COc1cccc(F)c1CN1C[C@H](NC(=O)c2ccc3[nH]nc(-c4ccnc(C)c4)c3c2)CC[C@H]1C(=O)NN(C)C,active,559.6460000000002,3.4368200000000018,3.0,7.0,7.913640169325252
285,CHEMBL3639572,COc1cccc(F)c1CN1C[C@H](NC(=O)c2ccc3[nH]nc(-c4ccnc(C)c4)c3c2)CC[C@H]1C(=O)N1CCN(C(=O)OC(C)(C)C)CC1,active,685.8009999999998,4.923320000000005,2.0,8.0,8.154901959985743
286,CHEMBL3658421,COc1cccc(F)c1CN1C[C@H](NC(=O)c2ccc3[nH]nc(-c4ccnc(C)c4)c3c2)CC[C@H]1C(=O)NCCCCl,active,593.1030000000001,4.589120000000004,3.0,6.0,7.928117992693875
287,CHEMBL3658422,COc1cccc(F)c1CN1C[C@H](NC(=O)c2ccc3[nH]nc(-c4ccnc(C)c4)c3c2)CC[C@H]1C(=O)N1CCC(Cl)CC1,active,619.141,5.073820000000005,2.0,6.0,7.316052869248487
288,CHEMBL3658423,COc1cccc(F)c1CN1C[C@H](NC(=O)c2ccc3[nH]nc(-c4ccnc(C)c4)c3c2)CC[C@H]1C(=O)N(C)OC,active,560.6300000000002,3.863820000000003,2.0,7.0,7.950781977329818
289,CHEMBL3658424,CNNC(=O)[C@@H]1CC[C@@H](NC(=O)c2ccc3[nH]nc(-c4ccnc(C)c4)c3c2)CN1Cc1c(F)cccc1OC,active,545.6190000000003,3.0946200000000017,4.0,7.0,7.694648630553377
290,CHEMBL3658425,COc1cccc(F)c1CN1C[C@H](NC(=O)c2ccc3[nH]nc(-c4ccnc(C)c4)c3c2)CC[C@H]1C(=O)N1CCNCC1,active,585.684,3.2758200000000013,3.0,7.0,7.522878745280337
291,CHEMBL3658426,CCNC(=O)N1CCN(C(=O)[C@@H]2CC[C@@H](NC(=O)c3ccc4[nH]nc(-c5ccnc(C)c5)c4c3)CN2Cc2c(F)cccc2OC)CC1,active,656.7630000000001,3.7177200000000035,3.0,7.0,7.785156151952302
292,CHEMBL3658427,CNC(=O)[C@@H]1CC[C@@H](NC(=O)c2ccc3[nH]nc(-c4ccnc(C)c4)c3c2)CN1Cc1c(F)cccc1OC,active,530.6040000000003,3.5900200000000018,3.0,6.0,8.568636235841012
293,CHEMBL3658428,CNC(=S)NNC(=O)[C@@H]1CC[C@@H](NC(=O)c2ccc3[nH]nc(-c4ccnc(C)c4)c3c2)CN1Cc1c(F)cccc1OC,active,604.7120000000003,2.969120000000001,5.0,7.0,9.0
294,CHEMBL3658429,COc1cccc(F)c1CN1C[C@H](NC(=O)c2ccc3[nH]nc(-c4ccnnc4)c3c2)CC[C@H]1C(=O)N(C)C,active,531.5920000000002,3.0188000000000015,2.0,7.0,6.864549300654486
295,CHEMBL3658430,COc1cccc(F)c1CN1C[C@H](NC(=O)c2ccc3[nH]nc(-c4ccnc(C)c4)c3c2)CC[C@H]1C(=O)NCCF,active,562.6210000000002,3.9297200000000023,3.0,6.0,8.045757490560675
296,CHEMBL3658431,COc1cccc(F)c1CN1C[C@H](NC(=O)c2ccc3[nH]nc(-c4ccnc(C)c4)c3c2)CC[C@H]1C(=O)NCC(F)(F)F,active,598.6010000000003,4.522520000000004,3.0,6.0,7.3325470471100465
297,CHEMBL3658432,CCN(CC)C(=O)[C@@H]1CC[C@@H](NC(=O)c2ccc3[nH]nc(-c4ccnnc4)c3c2)CN1Cc1c(F)cccc1OC,active,559.6460000000002,3.799000000000003,2.0,7.0,6.864231485432177
298,CHEMBL3658433,COc1cccc(F)c1CN1C[C@H](NC(=O)c2ccc3[nH]nc(-c4ccnnc4)c3c2)CC[C@H]1C(=O)N1CC(F)(F)C1,active,579.5830000000002,3.408100000000002,2.0,7.0,7.213248577854439
299,CHEMBL3658434,COc1cccc(F)c1CN1C[C@H](NC(=O)c2ccc3[nH]nc(-c4ccnc(C)c4)c3c2)CC[C@H]1C(=O)N1CCCO1,active,572.6410000000001,4.007920000000003,2.0,7.0,7.978810700930062
300,CHEMBL3658435,COc1cccc(F)c1CN1C[C@H](NC(=O)c2ccc3[nH]nc(-c4ccnc(C)c4)c3c2)CC[C@H]1C(=O)N1CCCCO1,active,586.668,4.398020000000004,2.0,7.0,8.017728766960431
301,CHEMBL3658436,COc1cccc(F)c1CN1C[C@H](NC(=O)c2ccc3[nH]nc(-c4ccnc(C)c4)c3c2)CC[C@H]1C(=O)N1CCN(C)CC1,active,599.7109999999999,3.6180200000000022,2.0,7.0,7.488116639021126
302,CHEMBL3658437,COc1cccc(F)c1CN1C[C@H](NC(=O)c2ccc3[nH]nc(-c4ccnc(C)c4)c3c2)CC[C@H]1C(=O)N1CCN(C(C)=O)CC1,active,627.7209999999999,3.534720000000002,2.0,7.0,7.718966632752273
303,CHEMBL3658438,COC(=O)N1CCN(C(=O)[C@@H]2CC[C@@H](NC(=O)c3ccc4[nH]nc(-c5ccnc(C)c5)c4c3)CN2Cc2c(F)cccc2OC)CC1,active,643.7200000000001,3.7546200000000027,2.0,8.0,7.747146969020107
304,CHEMBL3658439,CCOC(=O)N1CCN(C(=O)[C@@H]2CC[C@@H](NC(=O)c3ccc4[nH]nc(-c5ccnc(C)c5)c4c3)CN2Cc2c(F)cccc2OC)CC1,active,657.7470000000001,4.144720000000003,2.0,8.0,7.688246138944246
305,CHEMBL3658440,COc1cccc(F)c1CN1C[C@H](NC(=O)c2ccc3[nH]nc(-c4ccnc(C)c4)c3c2)CC[C@H]1C(=O)NCCNC(=O)OC(C)(C)C,active,659.763,4.4849200000000025,4.0,8.0,7.723538195826756
306,CHEMBL3658441,COc1cccc(F)c1CN1C[C@H](NC(=O)c2ccc3[nH]nc(-c4ccnc(C)c4)c3c2)CC[C@H]1C(=O)NCCCNC(=O)OC(C)(C)C,active,673.79,4.875020000000004,4.0,8.0,7.772113295386326
307,CHEMBL3658442,COc1cccc(F)c1CN1C[C@H](NC(=O)c2ccc3[nH]nc(-c4ccnc(C)c4)c3c2)CC[C@H]1C(=O)N1CCN(C(=O)OC2(C)CC2)CC1,active,683.7849999999997,4.677320000000004,2.0,8.0,7.655607726314889
308,CHEMBL3658443,COc1cccc(F)c1CN1C[C@H](NC(=O)c2ccc3[nH]nc(-c4ccnc(C)c4)c3c2)CC[C@H]1C(=O)N1CC(O[Si](C)(C)C(C)(C)C)CO1,active,702.904,6.008220000000007,2.0,8.0,7.139661993429006
309,CHEMBL3658444,COc1cccc(F)c1CN1C[C@H](NC(=O)c2ccc3[nH]nc(-c4ccnc(C)c4)c3c2)CC[C@H]1C(=O)NOC(C)(C)C,active,588.6840000000002,4.690320000000004,3.0,7.0,7.581698708680254
310,CHEMBL3658445,COc1cccc(F)c1CN1C[C@H](NC(=O)c2ccc3[nH]nc(-c4ccnc(C)c4)c3c2)CC[C@H]1C(=O)N(C)CCCCNC(=O)OC(C)(C)C,active,701.8439999999998,5.607320000000006,3.0,8.0,7.044312249686494
311,CHEMBL3658446,COc1cccc(F)c1CN1C[C@H](NC(=O)c2ccc3[nH]nc(-c4ccnc(C)c4)c3c2)CC[C@H]1C(=O)N1CCN(C(=O)OC2CCCC2)CC1,active,697.8119999999997,5.067420000000005,2.0,8.0,7.508638306165727
312,CHEMBL3658447,COc1cccc(F)c1CN1C[C@H](NC(=O)c2ccc3[nH]nc(-c4ccnc(C)c4)c3c2)CC[C@H]1C(=O)N1CCN(C(=O)OC(C)C)CC1,active,671.7739999999999,4.5332200000000045,2.0,8.0,7.718966632752273
313,CHEMBL3658448,COc1cccc(F)c1CN1C[C@H](NC(=O)c2ccc3[nH]nc(-c4ccnc(C)c4)c3c2)CC[C@H]1C(=O)N1CCN(C(=O)OC2CCOCC2)CC1,active,713.8109999999997,4.3038200000000035,2.0,9.0,7.72584215073632
314,CHEMBL3658449,CN1CC(Cc2ccccc2)CC(NC(=O)c2ccc3[nH]nc(-c4ccncc4)c3c2)C1,active,425.5360000000002,3.9177000000000026,2.0,4.0,8.078833949362261
315,CHEMBL3658450,CN1CC(Cc2c(F)cccc2F)CC(NC(=O)c2ccc3[nH]nc(-c4ccc5nn(C)cc5c4)c3c2)C1,active,514.5800000000002,4.687600000000003,2.0,5.0,8.855425792390383
316,CHEMBL3658451,CCN1CC(Cc2c(F)cccc2F)CC(NC(=O)c2ccc3[nH]nc(-c4ccc5nn(C)cc5c4)c3c2)C1,active,528.6070000000002,5.077700000000004,2.0,5.0,8.510041520575164
317,CHEMBL3658452,Cc1cc(-c2n[nH]c3ccc(C(=O)NC4CC(Cc5c(F)cccc5F)CN(C)C4)cc23)ccn1,active,475.5430000000002,4.504320000000003,2.0,4.0,8.318306607995435
318,CHEMBL3658453,Cc1nc2ccc(-c3n[nH]c4ccc(C(=O)N[C@@H]5C[C@H](Cc6c(F)cccc6F)CN(C)C5)cc34)cn2n1,active,515.5680000000002,4.152020000000003,2.0,6.0,8.838631997765026
319,CHEMBL3658454,Cc1nc2ccc(-c3n[nH]c4ccc(C(=O)N[C@@H]5C[C@@H](Cc6c(F)cccc6F)CN(C)C5)cc34)cn2n1,active,515.5680000000002,4.152020000000003,2.0,6.0,7.3223930472795065
320,CHEMBL3658455,CN1C[C@@H](NC(=O)c2ccc3[nH]nc(-c4ccn5ccnc5c4)c3c2)C[C@@H](Cc2c(F)cccc2F)C1,active,500.5530000000003,4.448600000000003,2.0,5.0,8.79860287567955
321,CHEMBL3658456,CN1C[C@@H](Cc2c(F)cccc2F)C[C@H](NC(=O)c2ccc3[nH]nc(-c4ccn5ccnc5c4)c3c2)C1,active,500.5530000000002,4.448600000000003,2.0,5.0,6.824053529904454
322,CHEMBL3658457,CN1CC(Cc2c(F)cccc2F)CC(NC(=O)c2ccc3[nH]nc(-c4ccn5ncnc5c4)c3c2)C1,active,501.5410000000002,3.843600000000002,2.0,6.0,8.416801226031378
323,CHEMBL3658458,CN1C[C@@H](Cc2c(F)cccc2F)C[C@@H](NC(=O)c2ccc3[nH]nc(-c4ccc5nonc5c4)c3c2)C1,active,502.52500000000026,4.337100000000003,2.0,6.0,8.05453141486818
324,CHEMBL3658459,CN1C[C@H](Cc2c(F)cccc2F)C[C@@H](NC(=O)c2ccc3[nH]nc(-c4ccc5nonc5c4)c3c2)C1,active,502.52500000000026,4.337100000000003,2.0,6.0,6.0
325,CHEMBL3658460,CN1CC(Cc2c(F)cccc2F)CC(NC(=O)c2ccc3[nH]nc(-c4nc5ccccc5s4)c3c2)C1,active,517.6050000000001,5.410600000000005,2.0,5.0,7.648783654660658
326,CHEMBL3658461,CN1CC(Cc2c(F)cccc2F)CC(NC(=O)c2ccc3[nH]nc(-c4ccc5ncsc5c4)c3c2)C1,active,517.6050000000001,5.410600000000005,2.0,5.0,8.566230166075135
327,CHEMBL3658462,CN1CC(Cc2c(F)cccc2F)CC(NC(=O)c2ccc3[nH]nc(-c4ccc5nsnc5c4)c3c2)C1,active,518.5930000000002,4.805600000000004,2.0,6.0,8.490797477668897
328,CHEMBL3658463,Cn1cc2cc(-c3n[nH]c4ccc(C(=O)N[C@H]5CCN[C@H](Cc6ccccc6)C5)cc34)ccc2n1,active,464.57300000000015,4.209700000000002,3.0,5.0,7.471083299722345
329,CHEMBL3658464,NC(=O)C(c1ccccc1F)N1CCC[C@@H](NC(=O)c2ccc3[nH]nc(-c4ccncc4)c3c2)C1,active,472.52400000000017,3.184800000000001,3.0,5.0,7.141462802430361
330,CHEMBL3658465,CNC(=O)C(c1ccccc1F)N1CCC[C@@H](NC(=O)c2ccc3[nH]nc(-c4ccncc4)c3c2)C1,active,486.55100000000016,3.445500000000002,3.0,5.0,6.757210190521324
331,CHEMBL3658466,NC(=O)C(c1c(F)cccc1F)N1CCC[C@@H](NC(=O)c2ccc3[nH]nc(-c4ccncc4)c3c2)C1,active,490.5140000000002,3.323900000000002,3.0,5.0,6.652669984683049
332,CHEMBL3658467,CNC(=O)C(c1c(F)cccc1F)N1CCC[C@@H](NC(=O)c2ccc3[nH]nc(-c4ccncc4)c3c2)C1,active,504.54100000000017,3.584600000000002,3.0,5.0,6.3460160926259315
333,CHEMBL3658468,CN(C)C(=O)C(c1c(F)cccc1F)N1CCC[C@@H](NC(=O)c2ccc3[nH]nc(-c4ccncc4)c3c2)C1,active,518.5680000000001,3.926800000000002,2.0,5.0,6.380906669373258
334,CHEMBL3658469,CN(C)C(=O)C(c1ccccc1F)N1CCC[C@@H](NC(=O)c2ccc3[nH]nc(-c4ccncc4)c3c2)C1,active,500.57800000000015,3.787700000000002,2.0,5.0,7.578396073130169
335,CHEMBL3658470,COC(=O)[C@@H](c1c(F)cccc1F)N1CCC[C@@H](NC(=O)c2ccc3[nH]nc(-c4ccncc4)c3c2)C1,intermediate,505.5250000000002,4.011600000000002,2.0,6.0,5.656591406196143
336,CHEMBL3703704,Cc1cc(-c2n[nH]c3cc(NC(=O)NC4CCCNC4)ncc23)ccn1,active,351.41400000000004,2.2018199999999997,4.0,5.0,8.504455662453552
337,CHEMBL3703705,COc1cccc(F)c1CN1CCC[C@H](NC(=O)Nc2cc3[nH]nc(-c4ccnc(C)c4)c3cn2)C1,active,489.5550000000002,4.262120000000002,3.0,6.0,7.436163081335455
338,CHEMBL3703706,COc1cccc(F)c1CN1CCCC(NC(=O)Nc2cc3[nH]nc(-c4ccnc(C)c4)c3cn2)C1,active,489.5550000000002,4.262120000000002,3.0,6.0,8.95116991347165
339,CHEMBL3703707,Cc1cc(-c2n[nH]c3cc(NC(=O)NCCc4ccccc4)ncc23)ccn1,active,372.4320000000001,3.692520000000002,3.0,4.0,9.299469343021409
340,CHEMBL3703708,Cc1cc(-c2n[nH]c3cc(NC(=O)N[C@@H](C)c4ccccc4)ncc23)ccn1,active,372.4320000000001,4.211020000000001,3.0,4.0,7.416914633652312
341,CHEMBL3703709,Cc1cc(-c2n[nH]c3cc(NC(=O)NCc4ccc(Cl)c(Cl)c4)ncc23)ccn1,active,427.29500000000013,4.956820000000002,3.0,4.0,9.28718199979215
342,CHEMBL3703710,Cc1cc(-c2n[nH]c3cc(NC(=O)NC(CO)c4ccccc4)ncc23)ccn1,active,388.4310000000001,3.1834200000000017,4.0,5.0,9.666955970176513
343,CHEMBL3703711,Cc1cc(-c2n[nH]c3cc(NC(=O)N[C@@H](C)c4ccc(F)cc4)ncc23)ccn1,active,390.4220000000001,4.350120000000002,3.0,4.0,9.817015032996418
344,CHEMBL3703712,Cc1cc(-c2n[nH]c3cc(NC(=O)NCc4ccncc4)ncc23)ccn1,active,359.3930000000001,3.045020000000001,3.0,5.0,8.428990327690695
345,CHEMBL3703713,Cc1cc(-c2n[nH]c3cc(NC(=O)NCc4nnc(C)o4)ncc23)ccn1,active,364.3690000000001,2.3414399999999995,3.0,7.0,7.99012436628784
346,CHEMBL3703714,Cc1cc(-c2n[nH]c3cc(NC(=O)NCc4cccnc4)ncc23)ccn1,active,359.3930000000001,3.045020000000001,3.0,5.0,8.935167780261427
347,CHEMBL3654667,Cc1cc(-c2n[nH]c3cc(NC(=O)N[C@@H](c4ccccc4)C(F)(F)F)ncc23)ccn1,active,426.4020000000001,4.753420000000003,3.0,4.0,8.422623108082986
348,CHEMBL3654668,Cc1cc(-c2n[nH]c3cc(NC(=O)N[C@@H](CO)c4ccccc4)ncc23)ccn1,active,388.4310000000001,3.1834200000000017,4.0,5.0,6.9677842967020185
349,CHEMBL3654669,Cc1cc(-c2n[nH]c3cc(NC(=O)N[C@H](c4ccccc4)C(F)(F)F)ncc23)ccn1,active,426.4020000000001,4.753420000000003,3.0,4.0,8.024017056287454
350,CHEMBL3654670,Cc1cc(-c2n[nH]c3cc(NC(=O)N[C@H](C)c4ccc(Cl)cc4)ncc23)ccn1,active,406.8770000000001,4.864420000000003,3.0,4.0,9.528708288941061
351,CHEMBL3654671,C[C@@H](NC(=O)Nc1cc2[nH]nc(C3=CCOCC3)c2cn1)c1ccccc1,active,363.421,3.644300000000003,3.0,4.0,9.270106596036761
352,CHEMBL3654672,COCCCc1n[nH]c2cc(NC(=O)N[C@H](C)c3ccccc3)ncc12,active,353.4260000000001,3.4196000000000017,3.0,4.0,8.651305809734458
353,CHEMBL3654673,CCCc1n[nH]c2cc(NC(=O)N[C@H](C)c3ccccc3)ncc12,active,323.40000000000003,3.7931000000000017,3.0,3.0,9.036589984319772
354,CHEMBL3654674,Cc1cc(-c2n[nH]c3cc(NC(N)=O)ncc23)ccn1,active,268.28000000000003,1.8189199999999999,3.0,4.0,8.653060537301009
355,CHEMBL3654675,C[C@@H](NC(=O)Nc1cc2[nH]ncc2cn1)c1ccc(F)cc1,active,299.309,2.979700000000001,3.0,3.0,6.166088284928621
356,CHEMBL3654677,Cc1cc(-c2n[nH]c3cc(NC(=O)NCc4ccc(Cl)cc4)ncc23)ccn1,active,392.8500000000001,4.303420000000003,3.0,4.0,9.339893778276755
357,CHEMBL4110435,O=C(N[C@H]1CNC[C@@H]1c1ccccc1)N1CCc2[nH]nc(-c3ccncc3)c2C1,active,388.47500000000014,2.294999999999999,3.0,4.0,8.935542010773082
358,CHEMBL3966446,Cc1ccccc1[C@@H]1CN(C)C[C@H]1NC(=O)N1CCc2[nH]nc(-c3ccncc3)c2C1,active,416.52900000000017,2.945620000000001,2.0,4.0,9.050609993355087
359,CHEMBL4114639,O=C(N[C@@H]1CCCN(Cc2ccccc2F)C1)N1CCc2[nH]nc(-c3ccncc3)c2C1,active,434.51900000000023,3.3431000000000015,2.0,4.0,9.187086643357144
360,CHEMBL4109581,COc1cccc(F)c1CN1CCC[C@@H](NC(=O)N2CCc3[nH]nc(-c4ccncc4)c3C2)C1,active,464.54500000000024,3.351700000000002,2.0,5.0,8.42021640338319
361,CHEMBL4111882,O=C(N[C@@H]1CCCN(Cc2c(F)cccc2F)C1)N1CCc2[nH]nc(-c3ccncc3)c2C1,active,452.50900000000024,3.4822000000000024,2.0,4.0,8.705533773838408
362,CHEMBL4107742,O=C(N[C@@H]1CCCN(Cc2csc3ccccc23)C1)N1CCc2[nH]nc(-c3ccncc3)c2C1,active,472.61800000000034,4.418700000000004,2.0,5.0,9.301029995663981
363,CHEMBL4108021,Cc1ccsc1CN1CCC[C@@H](NC(=O)N2CCc3[nH]nc(-c4ccncc4)c3C2)C1,active,436.5850000000002,3.573920000000002,2.0,5.0,8.703334809738468
364,CHEMBL4108732,Cc1ccc(CN2CCC[C@@H](NC(=O)N3CCc4[nH]nc(-c5ccncc5)c4C3)C2)s1,active,436.58500000000015,3.573920000000002,2.0,5.0,8.749579997691106
365,CHEMBL4114164,Cn1cc(CN2CCC[C@@H](NC(=O)N3CCc4[nH]nc(-c5ccncc5)c4C3)C2)c2ccccc21,active,469.59300000000025,3.695700000000002,2.0,5.0,8.906578314837764
366,CHEMBL4110333,Cn1c(CN2CCC[C@@H](NC(=O)N3CCc4[nH]nc(-c5ccncc5)c4C3)C2)cc2ccccc21,active,469.59300000000025,3.695700000000002,2.0,5.0,9.522878745280337
367,CHEMBL4108740,CC(=O)n1cc(CN2CCC[C@@H](NC(=O)N3CCc4[nH]nc(-c5ccncc5)c4C3)C2)c2ccccc21,active,497.60300000000024,3.818800000000002,2.0,6.0,8.69680394257951
368,CHEMBL4115451,O=C(N[C@@H]1CCCN(Cc2ccccc2Cl)C1)N1CCc2[nH]nc(-c3ccncc3)c2C1,active,450.9740000000003,3.857400000000003,2.0,4.0,8.619788758288394
369,CHEMBL4111090,Cc1cccc(C)c1CN1CCC[C@@H](NC(=O)N2CCc3[nH]nc(-c4ccncc4)c3C2)C1,active,444.58300000000025,3.8208400000000022,2.0,4.0,8.684029654543082
370,CHEMBL3963762,Cc1cc(-c2n[nH]c3c2CN(C(=O)NC2CCCN(Cc4c(C)cccc4C)C2)CC3)ccn1,active,458.6100000000003,4.129260000000003,2.0,4.0,8.200659450546418
371,CHEMBL4107781,Cc1cc(-c2n[nH]c3c2CN(C(=O)N[C@@H]2CCCN(Cc4cccc5ccccc45)C2)CC3)ccn1,active,480.61600000000027,4.665620000000004,2.0,4.0,8.431798275933005
372,CHEMBL4106627,O=C(N[C@@H]1CCCN(Cc2csc3ccccc23)C1)N1CCc2[nH]nc(-c3ccc4nccn4c3)c2C1,active,511.65500000000037,4.671400000000004,2.0,6.0,8.522878745280337
373,CHEMBL4108876,Cc1cccc(C)c1CN1CCC[C@@H](NC(=O)N2CCc3[nH]nc(-c4ccc5nccn5c4)c3C2)C1,active,483.6200000000003,4.073540000000003,2.0,5.0,8.275724130399212
374,CHEMBL4110299,O=C(N[C@@H]1CCCN(Cc2cccc3ccccc23)C1)N1CCc2[nH]nc(-c3ccc4nccn4c3)c2C1,active,505.6260000000004,4.609900000000004,2.0,5.0,8.508638306165727
375,CHEMBL4112238,COc1cccc(F)c1CN1CCC[C@@H](NC(=O)N2CCc3[nH]nc(-c4ccc5nccn5c4)c3C2)C1,active,503.5820000000003,3.604400000000002,2.0,6.0,8.3767507096021
376,CHEMBL3982108,COc1cccc(F)c1CN1CC(NC(=O)N2CCc3[nH]nc(-c4ccnc(C)c4)c3C2)CC(C(F)(F)F)C1,active,546.5690000000003,4.448520000000004,2.0,5.0,8.366531544420413
377,CHEMBL3911391,Cc1ccccc1C1CN(C)CC1NC(=O)N1CCc2[nH]nc(-c3ccc4c(c3)CCO4)c2C1,active,457.5780000000003,3.485520000000002,2.0,4.0,8.818156412055227
378,CHEMBL3914123,CCn1cc(-c2n[nH]c3c2CN(C(=O)NC2CN(C)CC2c2ccccc2C)CC3)cn1,active,433.56000000000023,2.7670200000000005,2.0,5.0,8.721246399047171
379,CHEMBL3958148,Cc1cc(-c2n[nH]c3ccc(C(=O)NC4CCCC(O)(Cc5ccccc5F)C4)cc23)ccn1,active,458.53700000000015,4.718620000000003,3.0,4.0,6.229958445680332
380,CHEMBL3981341,Cc1cc(-c2n[nH]c3ccc(C(=O)NC4CCCC(O)(Cc5c(F)cccc5F)C4)cc23)ccn1,active,476.52700000000016,4.857720000000004,3.0,4.0,6.0
381,CHEMBL3926168,O=C(NC1CCCC(O)(Cc2ccccc2F)C1)c1ccc2[nH]nc(-c3ccc4nccn4c3)c2c1,active,483.54700000000014,4.662900000000003,3.0,5.0,7.3124710387853655
382,CHEMBL3953001,O=C(NC1CCCC(O)(Cc2ccccc2F)C1)c1ccc2[nH]nc(-c3ccc4ncsc4c3)c2c1,active,500.59900000000016,5.624900000000005,3.0,5.0,6.0
383,CHEMBL4108152,Cc1nc2ccc(-c3n[nH]c4ccc(C(=O)N[C@@H]5CCC[C@](O)(Cc6ccccc6F)C5)cc34)cn2n1,active,498.5620000000003,4.366320000000003,3.0,6.0,7.841637507904751
384,CHEMBL4106582,Cc1nc2ccc(-c3n[nH]c4ccc(C(=O)N[C@@H]5CCC[C@](O)(Cc6ccccc6F)C5)cc34)cc2s1,active,514.6260000000003,5.933320000000005,3.0,5.0,7.701146923590294
385,CHEMBL4111195,Cc1nc2ccc(-c3n[nH]c4ccc(C(=O)N[C@@H]5CCC[C@](O)(Cc6c(F)cccc6F)C5)cc34)cc2s1,active,532.6160000000003,6.0724200000000055,3.0,5.0,7.8124792791635365
386,CHEMBL4110567,O=C(N[C@@H]1CCC[C@](O)(Cc2ccccc2F)C1)c1ccc2[nH]nc(-c3ccc4nccn4c3)c2c1,active,483.54700000000014,4.662900000000003,3.0,5.0,8.065501548756432
387,CHEMBL4109427,CC(C)Oc1cc(-c2n[nH]c3ccc(C(=O)N[C@@H]4CCC[C@](O)(Cc5ccccc5F)C4)cc23)ccn1,active,502.5900000000003,5.197400000000004,3.0,5.0,6.521433504406157
388,CHEMBL4107155,CC(C)Oc1ccc(-c2n[nH]c3ccc(C(=O)N[C@@H]4CCC[C@](O)(Cc5ccccc5F)C4)cc23)cn1,active,502.5900000000003,5.1974000000000045,3.0,5.0,7.347753658996677
389,CHEMBL4110797,CC(C)Oc1ccc(-c2n[nH]c3ccc(C(=O)N[C@@H]4CCC[C@](O)(Cc5c(F)cccc5F)C4)cc23)cn1,active,520.5800000000003,5.336500000000005,3.0,5.0,6.854492828590337
390,CHEMBL4111315,Cn1cc2cc(-c3n[nH]c4ccc(C(=O)N[C@@H]5CCC[C@](O)(Cc6c(F)cccc6F)C5)cc34)ccc2n1,active,515.5640000000002,5.041000000000004,3.0,5.0,7.91721462968355
391,CHEMBL4113022,O=C(N[C@@H]1CCC[C@](O)(Cc2c(F)cccc2F)C1)c1ccc2[nH]nc(-c3ccc4ncsc4c3)c2c1,active,518.5890000000003,5.764000000000004,3.0,5.0,7.4698003017969175
392,CHEMBL4110189,Cc1nc2ccc(-c3n[nH]c4ccc(C(=O)N[C@@H]5CCC[C@](O)(Cc6c(F)cccc6F)C5)cc34)cn2n1,active,516.5520000000002,4.5054200000000035,3.0,6.0,7.679853713888946
393,CHEMBL4110990,COc1cccc(F)c1C[C@@]1(O)CCC[C@@H](NC(=O)c2ccc3[nH]nc(-c4ccnc(C)c4)c3c2)C1,active,488.5630000000002,4.7272200000000035,3.0,5.0,8.698970004336019
394,CHEMBL4107514,COc1cccc(F)c1C[C@@]1(O)CCC[C@@H](NC(=O)c2ccc3[nH]nc(-c4ccc5nccn5c4)c3c2)C1,active,513.5730000000002,4.6715000000000035,3.0,6.0,8.657577319177793
395,CHEMBL4108204,COc1cccc(F)c1C[C@@]1(O)CCC[C@@H](NC(=O)c2ccc3[nH]nc(-c4ccc5nc(C)sc5c4)c3c2)C1,active,544.6520000000002,5.941920000000005,3.0,6.0,8.050609993355087
396,CHEMBL4108553,COc1cccc(F)c1C[C@@]1(O)CCC[C@@H](NC(=O)c2ccc3[nH]nc(-c4ccnc(OC(C)C)c4)c3c2)C1,active,532.6160000000002,5.206000000000004,3.0,6.0,6.4780777551165
397,CHEMBL4112903,COc1cccc(F)c1C[C@@]1(O)CCC[C@@H](NC(=O)c2ccc3[nH]nc(-c4ccc(OC(C)C)cc4)c3c2)C1,active,531.6280000000002,5.811000000000005,3.0,5.0,7.102372908709558
398,CHEMBL3959940,Cc1cc(-c2n[nH]c3ccc(C(=O)NC4CCCC(Oc5ccccc5F)C4)cc23)ccn1,active,444.51000000000016,5.192420000000005,2.0,4.0,7.214670164989233
399,CHEMBL3894043,Cc1cc(-c2n[nH]c3ccc(C(=O)NC4CCCC(Oc5ccccc5Cl)C4)cc23)ccn1,active,460.96500000000015,5.706720000000005,2.0,4.0,6.0
400,CHEMBL3969766,Cc1cc(-c2n[nH]c3ccc(C(=O)NC4CCCC(Oc5c(C)cccc5C)C4)cc23)ccn1,active,454.57400000000024,5.6701600000000045,2.0,4.0,6.328734567052842
401,CHEMBL3940223,Cc1cc(-c2n[nH]c3ccc(C(=O)NC4CCCC(Oc5c(F)cccc5F)C4)cc23)ccn1,active,462.50000000000017,5.331520000000004,2.0,4.0,6.242072816886671
402,CHEMBL3946705,Cc1cc(-c2n[nH]c3ccc(C(=O)NN4CCCC(Oc5ccccc5Cl)C4)cc23)ccn1,active,461.9530000000002,4.774920000000003,2.0,5.0,7.393618634889395
403,CHEMBL3895163,Cc1cc(-c2n[nH]c3ccc(C(=O)NC4CCCC(Oc5ccc(F)cc5F)C4)cc23)ccn1,active,462.50000000000017,5.331520000000004,2.0,4.0,6.892111974817201
404,CHEMBL3980771,COC1(Cc2ccccc2F)CCCC(NC(=O)c2ccc3[nH]nc(-c4ccnc(C)c4)c3c2)C1,active,472.56400000000014,5.372720000000005,2.0,4.0,7.54515513999149
405,CHEMBL3972747,Cc1cc(-c2n[nH]c3ccc(C(=O)NC4CCCC(CO)(Oc5ccccc5)C4)cc23)ccn1,active,456.54600000000016,4.415820000000004,3.0,5.0,7.004803708402821
406,CHEMBL3905143,Cc1cc(-c2n[nH]c3ccc(C(=O)NC4CCCC(Oc5cccc(F)c5)(C(N)=O)C4)cc23)ccn1,active,487.5350000000002,4.047920000000002,3.0,5.0,7.950781977329818
407,CHEMBL3967429,Cc1cc(-c2n[nH]c3ccc(C(=O)NC4CCCC(CO)(Oc5cccc(F)c5)C4)cc23)ccn1,active,474.5360000000002,4.554920000000003,3.0,5.0,7.872895201635193
408,CHEMBL3981755,Cc1cc(-c2n[nH]c3ccc(C(=O)NC4CCCC(O)(C(F)(F)c5ccccc5)C4)cc23)ccn1,active,476.5270000000001,5.128820000000004,3.0,4.0,6.2009352806489915
409,CHEMBL3897882,Cc1cc(-c2n[nH]c3ccc(C(=O)NC4CCCC(O)(C(=O)c5ccccc5)C4)cc23)ccn1,active,454.53000000000014,4.219720000000003,3.0,5.0,6.239050048589102
410,CHEMBL3986707,Cc1cc(-c2n[nH]c3ccc(C(=O)NC4CCCC(O)(C(O)c5ccccc5)C4)cc23)ccn1,active,456.5460000000001,4.070420000000003,4.0,5.0,7.6020599913279625
411,CHEMBL3974317,Cc1cc(-c2n[nH]c3ccc(C(=O)NC4CCCC(F)(Cc5ccccc5F)C4)cc23)ccn1,active,460.5280000000002,5.695820000000005,2.0,3.0,6.0
412,CHEMBL4112228,Cc1cc(-c2n[nH]c3ccc(C(=O)N[C@@H]4CCCC(F)(Cc5ccccc5F)C4)cc23)ccn1,active,460.5280000000002,5.695820000000005,2.0,3.0,6.0
413,CHEMBL4112810,Cn1cc2cc(-c3n[nH]c4ccc(C(=O)N[C@@H]5CCC[C@@](O)(Cn6ccnc6)C5)cc34)ccc2n1,active,469.5490000000002,3.416800000000002,3.0,7.0,7.422508200162775
414,CHEMBL4111030,Cn1cc2cc(-c3n[nH]c4ccc(C(=O)N[C@@H]5CCC[C@](O)(Cn6ccnc6)C5)cc34)ccc2n1,active,469.5490000000002,3.416800000000002,3.0,7.0,7.2076083105017466
415,CHEMBL4111995,Cn1cc2cc(-c3n[nH]c4ccc(C(=O)N[C@@H]5CCC[C@](O)(Cn6cccn6)C5)cc34)ccc2n1,active,469.5490000000002,3.416800000000002,3.0,7.0,7.17134010346468
416,CHEMBL4109849,Cn1cc2cc(-c3n[nH]c4ccc(C(=O)N[C@@H]5CCC[C@@](O)(Cn6cccn6)C5)cc34)ccc2n1,active,469.5490000000002,3.416800000000002,3.0,7.0,6.819874124835946
417,CHEMBL4109571,Cn1cc2cc(-c3n[nH]c4ccc(C(=O)N[C@@H]5CCC[C@](O)(Cn6cnc7ccccc76)C5)cc34)ccc2n1,active,519.6090000000003,4.570000000000004,3.0,7.0,7.714442690992226
418,CHEMBL4112353,Cn1cc2cc(-c3n[nH]c4ccc(C(=O)N[C@@H]5CCC[C@@](O)(Cn6cnc7ccccc76)C5)cc34)ccc2n1,active,519.6090000000003,4.570000000000004,3.0,7.0,7.701146923590294
419,CHEMBL4111787,Cc1cc(-c2n[nH]c3ccc(C(=O)N[C@@H]4CCC[C@](O)(Cn5cncn5)C4)cc23)ccn1,active,431.5000000000001,2.628520000000001,3.0,7.0,6.705533773838407
420,CHEMBL4108365,Cc1cc(-c2n[nH]c3ccc(C(=O)N[C@@H]4CCC[C@@](O)(Cn5cncn5)C4)cc23)ccn1,active,431.5000000000001,2.628520000000001,3.0,7.0,7.000434511774017
421,CHEMBL4109119,Cc1cc(-c2n[nH]c3ccc(C(=O)N[C@@H]4CCC[C@](O)(Cn5ncc6ccccc65)C4)cc23)ccn1,active,480.5720000000002,4.386720000000003,3.0,6.0,6.00511120463509
422,CHEMBL4109462,Cc1cc(-c2n[nH]c3ccc(C(=O)N[C@@H]4CCC[C@@](O)(Cn5ncc6ccccc65)C4)cc23)ccn1,active,480.5720000000002,4.386720000000003,3.0,6.0,8.154901959985743
423,CHEMBL4114964,Cc1cc(-c2n[nH]c3ccc(C(=O)N[C@@H]4CCC[C@](O)(Cn5c(C(F)(F)F)nc6ccccc65)C4)cc23)ccn1,active,548.5690000000002,5.405520000000005,3.0,6.0,6.360314338757319
424,CHEMBL4110719,Cc1cc(-c2n[nH]c3ccc(C(=O)N[C@@H]4CCC[C@@](O)(Cn5c(C(F)(F)F)nc6ccccc65)C4)cc23)ccn1,active,548.5690000000002,5.405520000000005,3.0,6.0,6.085815566576754
425,CHEMBL3972540,Cc1cc(-c2n[nH]c3ccc(C(=O)N[C@H]4CCC[C@@](O)(Cn5c(C)nc6ccccc65)C4)cc23)ccn1,active,494.5990000000002,4.695140000000004,3.0,6.0,7.275724130399211
426,CHEMBL3939508,Cc1cc(-c2n[nH]c3ccc(C(=O)N[C@H]4CCC[C@](O)(Cn5c(C)nc6ccccc65)C4)cc23)ccn1,active,494.5990000000002,4.695140000000004,3.0,6.0,6.479123618311658
427,CHEMBL4108843,Cc1cc(-c2n[nH]c3ccc(C(=O)N[C@@H]4CCC[C@](O)(Cn5cnc6ncccc65)C4)cc23)ccn1,active,481.5600000000002,3.7817200000000026,3.0,7.0,6.333482019445119
428,CHEMBL4108763,Cc1cc(-c2n[nH]c3ccc(C(=O)N[C@@H]4CCC[C@](O)(Cn5cnc6cccnc65)C4)cc23)ccn1,active,481.5600000000002,3.7817200000000026,3.0,7.0,6.270187492839065
429,CHEMBL4108671,Cc1cc(-c2n[nH]c3ccc(C(=O)N[C@@H]4CCC[C@](O)(Cn5cc6cccnc6n5)C4)cc23)ccn1,active,481.5600000000002,3.7817200000000026,3.0,7.0,6.210278306019078
430,CHEMBL4115351,Cc1cc(-c2n[nH]c3ccc(C(=O)N[C@@H]4CCC[C@](O)(Cn5ncc6ccncc65)C4)cc23)ccn1,active,481.5600000000002,3.7817200000000026,3.0,7.0,6.101219986710174
431,CHEMBL4111350,Cc1cc(-c2n[nH]c3ccc(C(=O)N[C@@H]4CCC[C@](O)(Cn5c(C)nc6cnccc65)C4)cc23)ccn1,active,495.5870000000002,4.090140000000003,3.0,7.0,6.868060704789575
432,CHEMBL4107789,Cc1cc(-c2n[nH]c3ccc(C(=O)N[C@@H]4CCC[C@@](O)(Cn5c(C)nc6cnccc65)C4)cc23)ccn1,active,495.5870000000002,4.090140000000003,3.0,7.0,6.0
433,CHEMBL4110891,Cc1cc(-c2n[nH]c3ccc(C(=O)N[C@@H]4CCC[C@@](O)(Cn5cc6cccnc6n5)C4)cc23)ccn1,active,481.5600000000002,3.7817200000000026,3.0,7.0,6.228412519118745
434,CHEMBL4109352,Cc1cc(-c2n[nH]c3ccc(C(=O)N[C@@H]4CCC[C@@](O)(Cn5ncc6cccnc65)C4)cc23)ccn1,active,481.5600000000002,3.7817200000000026,3.0,7.0,8.065501548756432
435,CHEMBL4109169,Cc1cc(-c2n[nH]c3ccc(C(=O)N[C@@H]4CCC[C@@](O)(Cn5ncc6ccncc65)C4)cc23)ccn1,active,481.5600000000002,3.7817200000000026,3.0,7.0,7.454692883534176
436,CHEMBL4112732,Cc1cc(-c2n[nH]c3ccc(C(=O)N[C@@H]4CCC[C@@](O)(Cn5cnc6ncccc65)C4)cc23)ccn1,active,481.5600000000002,3.7817200000000026,3.0,7.0,6.083704005436869
437,CHEMBL4109381,Cc1cc(-c2n[nH]c3ccc(C(=O)N[C@@H]4CCC[C@@](O)(Cn5cnc6cccnc65)C4)cc23)ccn1,active,481.5600000000002,3.7817200000000026,3.0,7.0,7.010550182333308
438,CHEMBL4111145,Cc1cc(-c2n[nH]c3ccc(C(=O)N[C@@H]4CCC[C@](O)(Cn5ncccc5=O)C4)cc23)ccn1,active,458.52200000000016,2.5937200000000002,3.0,7.0,6.0
439,CHEMBL4115052,Cc1cc(-c2n[nH]c3ccc(C(=O)N[C@@H]4CCC[C@@](O)(Cn5ncccc5=O)C4)cc23)ccn1,active,458.52200000000016,2.5937200000000002,3.0,7.0,6.0
440,CHEMBL4114589,O=C(N[C@@H]1CCC[C@](O)(Cn2ccccc2=O)C1)c1ccc2[nH]nc(-c3ccc4nccn4c3)c2c1,active,482.54400000000015,3.1430000000000007,3.0,7.0,6.0
441,CHEMBL4109406,O=C(N[C@@H]1CCC[C@@](O)(Cn2ncc3ncccc32)C1)c1ccc2[nH]nc(-c3ccc4nccn4c3)c2c1,active,506.5700000000003,3.7260000000000018,3.0,8.0,6.0
442,CHEMBL4107553,Cc1cc(-c2n[nH]c3ccc(C(=O)N[C@@H]4CCC[C@](O)(Cn5ncc6cnccc65)C4)cc23)ccn1,active,481.5600000000002,3.7817200000000026,3.0,7.0,6.387004343967653
443,CHEMBL4111719,Cc1cc(-c2n[nH]c3ccc(C(=O)N[C@@H]4CCC[C@](O)(CN5C(=O)Cc6ccccc65)C4)cc23)ccn1,active,495.58300000000025,3.9261200000000027,3.0,5.0,6.303294219066083
444,CHEMBL4114328,Cc1cc(-c2n[nH]c3ccc(C(=O)N[C@@H]4CCC[C@](O)(Cn5c(=O)ccc6ccccc65)C4)cc23)ccn1,active,507.5940000000002,4.351920000000003,3.0,6.0,6.146180154143237
445,CHEMBL4114558,Cc1cc(-c2n[nH]c3ccc(C(=O)N[C@@H]4CCC[C@](O)(Cn5cc6ccccc6n5)C4)cc23)ccn1,active,480.5720000000002,4.386720000000003,3.0,6.0,7.562249437179612
446,CHEMBL4107062,Cc1cc(-c2n[nH]c3ccc(C(=O)N[C@@H]4CCC[C@@](O)(Cn5ncc6cnccc65)C4)cc23)ccn1,active,481.5600000000002,3.7817200000000026,3.0,7.0,6.249260248764649
447,CHEMBL4109042,Cc1cc(-c2n[nH]c3ccc(C(=O)N[C@@H]4CCC[C@@](O)(CN5C(=O)Cc6ccccc65)C4)cc23)ccn1,active,495.58300000000025,3.9261200000000027,3.0,5.0,7.966576244513051
448,CHEMBL4107339,Cc1cc(-c2n[nH]c3ccc(C(=O)N[C@@H]4CCC[C@@](O)(Cn5c(=O)ccc6ccccc65)C4)cc23)ccn1,active,507.5940000000002,4.351920000000003,3.0,6.0,6.783570169123749
449,CHEMBL4114179,Cc1cc(-c2n[nH]c3ccc(C(=O)N[C@@H]4CCC[C@@](O)(Cn5cc6ccccc6n5)C4)cc23)ccn1,active,480.5720000000002,4.386720000000003,3.0,6.0,7.455931955649724
450,CHEMBL3950859,Cc1cc(-c2n[nH]c3ccc(C(=O)N[C@H]4CCC[C@@](O)(Cn5cc(C#N)c6ccccc65)C4)cc23)ccn1,active,504.5940000000002,4.863400000000003,3.0,6.0,6.0
451,CHEMBL3917393,Cc1cc(-c2n[nH]c3ccc(C(=O)N[C@H]4CCC[C@@](O)(Cn5ncc6c(F)cccc65)C4)cc23)ccn1,active,498.5620000000002,4.525820000000003,3.0,6.0,6.239050048589102
452,CHEMBL3928311,Cc1cc(-c2n[nH]c3ccc(C(=O)N[C@H]4CCC[C@@](O)(Cn5cc6c(F)cccc6n5)C4)cc23)ccn1,active,498.5620000000002,4.525820000000003,3.0,6.0,6.0
453,CHEMBL3955928,Cc1cc(-c2n[nH]c3ccc(C(=O)N[C@H]4CCC[C@@](O)(Cn5ncc6cc(F)ccc65)C4)cc23)ccn1,active,498.5620000000002,4.525820000000003,3.0,6.0,6.0
454,CHEMBL3933767,Cc1cc(-c2n[nH]c3ccc(C(=O)N[C@H]4CCC[C@@](O)(Cn5cc6cc(F)ccc6n5)C4)cc23)ccn1,active,498.5620000000002,4.525820000000003,3.0,6.0,6.0
455,CHEMBL3953996,Cc1cc(-c2n[nH]c3ccc(C(=O)N[C@H]4CCC[C@@](O)(Cn5ncc6ccc(F)cc65)C4)cc23)ccn1,active,498.5620000000002,4.525820000000003,3.0,6.0,6.0
456,CHEMBL3972348,Cc1cc(-c2n[nH]c3ccc(C(=O)N[C@H]4CCC[C@@](O)(Cn5cc6cccc(F)c6n5)C4)cc23)ccn1,active,498.5620000000002,4.525820000000003,3.0,6.0,6.152612448972604
457,CHEMBL3954886,Cc1cc(-c2n[nH]c3ccc(C(=O)N[C@H]4CCC[C@](O)(Cn5ncc6c(F)cccc65)C4)cc23)ccn1,active,498.5620000000002,4.525820000000003,3.0,6.0,7.671620396561262
458,CHEMBL3980401,Cc1cc(-c2n[nH]c3ccc(C(=O)N[C@H]4CCC[C@@](O)(Cn5ncc6cccc(F)c65)C4)cc23)ccn1,active,498.5620000000002,4.525820000000003,3.0,6.0,7.129011186239425
459,CHEMBL3961327,Cc1cc(-c2n[nH]c3ccc(C(=O)N[C@H]4CCC[C@@](O)(Cn5cc6ccc(C(F)(F)F)cc6n5)C4)cc23)ccn1,active,548.5690000000002,5.405520000000005,3.0,6.0,6.0
460,CHEMBL3892343,Cc1cc(-c2n[nH]c3ccc(C(=O)N[C@H]4CCC[C@](O)(Cn5ncc6ccc(C(F)(F)F)cc65)C4)cc23)ccn1,active,548.5690000000002,5.405520000000005,3.0,6.0,6.969805214643249
461,CHEMBL3985664,Cc1cc(-c2n[nH]c3ccc(C(=O)N[C@H]4CCC[C@](O)(Cn5ncc6ccc(F)cc65)C4)cc23)ccn1,active,498.5620000000002,4.525820000000003,3.0,6.0,6.441411416891801
462,CHEMBL3912433,Cn1cc2cc(-c3n[nH]c4ccc(C(=O)NC5CCCC(Cn6ccnc6)C5)cc34)ccc2n1,active,453.5500000000002,4.301900000000003,2.0,6.0,7.533132379645891
463,CHEMBL3974357,Cn1cc2cc(-c3n[nH]c4ccc(C(=O)NC5CCCC(Cn6cnc7ccccc76)C5)cc34)ccc2n1,active,503.61000000000024,5.455100000000005,2.0,6.0,7.675717544702307
464,CHEMBL3903421,O=C(NC1CCCC(Cn2cccn2)C1)c1ccc2[nH]nc(-c3ccc4nccn4c3)c2c1,active,439.52300000000014,4.062900000000003,2.0,6.0,7.127261172527331
465,CHEMBL3965872,O=C(NC1CCCC(Cn2cncn2)C1)c1ccc2[nH]nc(-c3ccc4nccn4c3)c2c1,active,440.51100000000014,3.4579000000000013,2.0,7.0,7.112382699664264
466,CHEMBL3897929,Cc1nc2ccc(-c3n[nH]c4ccc(C(=O)NC5CCCC(Cn6cc(C#N)c7ccccc76)C5)cc34)cc2s1,active,544.6840000000003,6.963200000000005,2.0,6.0,6.0
467,CHEMBL3965296,Cc1cc(-c2n[nH]c3ccc(C(=O)NC4CCCC(Cn5cc6cccnc6n5)C4)cc23)ccn1,active,465.5610000000002,4.666820000000003,2.0,6.0,6.785421046429501
468,CHEMBL3986755,Cc1cc(-c2n[nH]c3ccc(C(=O)NC4CCCC(Cn5ncc6cccnc65)C4)cc23)ccn1,active,465.5610000000002,4.666820000000003,2.0,6.0,7.8124792791635365
469,CHEMBL3949403,Cc1cc(-c2n[nH]c3ccc(C(=O)NC4CCCC(Cn5ncc6ccncc65)C4)cc23)ccn1,active,465.5610000000002,4.666820000000003,2.0,6.0,7.471083299722345
470,CHEMBL3909336,Cc1cc(-c2n[nH]c3ccc(C(=O)NC4CCCC(Cn5c(C)nc6cnccc65)C4)cc23)ccn1,active,479.58800000000025,4.975240000000004,2.0,6.0,6.0
471,CHEMBL3919295,Cc1cc(-c2n[nH]c3ccc(C(=O)NC4CCCC(Cn5cnc6ncccc65)C4)cc23)ccn1,active,465.5610000000002,4.666820000000003,2.0,6.0,7.062983892535186
472,CHEMBL3980823,Cc1cc(-c2n[nH]c3ccc(C(=O)NC4CCCC(Cn5cnc6cccnc65)C4)cc23)ccn1,active,465.5610000000002,4.666820000000003,2.0,6.0,7.216096420727265
473,CHEMBL3919697,Cc1cc(-c2n[nH]c3ccc(C(=O)NC4CCCC(Cn5ncc6cnccc65)C4)cc23)ccn1,active,465.5610000000002,4.666820000000003,2.0,6.0,6.2753964846032835
474,CHEMBL3895209,Cc1cc(-c2n[nH]c3ccc(C(=O)NC4CCCC(CN5C(=O)Cc6ccccc65)C4)cc23)ccn1,active,479.5840000000003,4.811220000000004,2.0,4.0,7.7594507517174005
475,CHEMBL3896237,Cc1cc(-c2n[nH]c3ccc(C(=O)NC4CCCC(Cn5c(=O)ccc6ccccc65)C4)cc23)ccn1,active,491.59500000000025,5.237020000000004,2.0,5.0,7.429457060118103
476,CHEMBL3967467,Cc1cc(-c2n[nH]c3ccc(C(=O)NC4CCCC(Cn5cc6ccccc6n5)C4)cc23)ccn1,active,464.5730000000002,5.271820000000004,2.0,5.0,7.844663962534938
477,CHEMBL3905191,Cc1cc(-c2n[nH]c3ccc(C(=O)NC4CCCC(Cn5ncc6ccccc65)C4)cc23)ccn1,active,464.5730000000002,5.271820000000004,2.0,5.0,7.97061622231479
478,CHEMBL3972804,Cc1cc(-c2n[nH]c3ccc(C(=O)NC4CCCC(Cn5cc6cc(F)ccc6n5)C4)cc23)ccn1,active,482.5630000000002,5.410920000000004,2.0,5.0,6.5787252087896535
479,CHEMBL3902937,Cc1cc(-c2n[nH]c3ccc(C(=O)NC4CCCC(Cn5ncc6ccc(C(F)(F)F)cc65)C4)cc23)ccn1,active,532.5700000000002,6.290620000000005,2.0,5.0,6.0
480,CHEMBL3973903,Cc1cc(-c2n[nH]c3ccc(C(=O)NC4CCCC(Cn5ncc6cccc(F)c65)C4)cc23)ccn1,active,482.5630000000002,5.410920000000005,2.0,5.0,7.247183568811729
481,CHEMBL3964495,Cc1nc2ccc(-c3n[nH]c4ccc(C(=O)NC5CCCC(Cn6c(C)nc7ccccc76)C5)cc34)cc2s1,active,534.6890000000003,6.794940000000006,2.0,6.0,6.0
482,CHEMBL3981329,CCOC(=O)C1(Cc2ccccc2F)CCCC(NC(=O)c2ccc3[nH]nc(-c4ccnc(C)c4)c3c2)C1,active,514.6010000000001,5.537020000000005,2.0,5.0,6.0
483,CHEMBL3957796,Cc1cc(-c2n[nH]c3ccc(C(=O)NC4CCCC(CO)(Cc5c(F)cccc5F)C4)cc23)ccn1,active,490.5540000000002,5.105320000000004,3.0,4.0,6.196611175016386
484,CHEMBL3892270,Cc1cc(-c2n[nH]c3ccc(C(=O)NC4CCCC(CO)(Cc5ccccc5F)C4)cc23)ccn1,active,472.5640000000002,4.966220000000003,3.0,4.0,6.0
485,CHEMBL3968834,Cc1cc(-c2n[nH]c3ccc(C(=O)NC4CCCC(Cc5ccccc5F)(C(=O)O)C4)cc23)ccn1,active,486.5470000000002,5.058520000000003,3.0,4.0,6.0
486,CHEMBL3897670,Cc1cc(-c2n[nH]c3ccc(C(=O)NC4CCCC(CO)(Cc5ccccc5)C4)cc23)ccn1,active,454.5740000000002,4.827120000000003,3.0,4.0,6.651695136951839
487,CHEMBL3906674,Cc1cc(-c2n[nH]c3ccc(C(=O)NC4CCCC(CO)(Cc5ccc(F)cc5F)C4)cc23)ccn1,active,490.5540000000002,5.105320000000004,3.0,4.0,6.360015751958412
488,CHEMBL3899662,Cc1cc(-c2n[nH]c3ccc(C(=O)NC4CCCC(CO)(Cc5ccc(F)cc5)C4)cc23)ccn1,active,472.5640000000002,4.966220000000003,3.0,4.0,6.4470885497834916
489,CHEMBL3971709,Cc1cc(-c2n[nH]c3ccc(C(=O)NC4CCCC(Cc5ccc(F)cc5)(C(=O)O)C4)cc23)ccn1,active,486.5470000000002,5.058520000000003,3.0,4.0,6.519993057042849
490,CHEMBL3966580,Cc1cc(-c2n[nH]c3ccc(C(=O)NC4CCC(CO)(Cc5ccccc5F)C4)cc23)ccn1,active,458.53700000000015,4.576120000000003,3.0,4.0,7.716698771296451
491,CHEMBL3920184,Cc1cc(-c2n[nH]c3ccc(C(=O)NN4CCCC(Oc5ccccc5F)C4)cc23)ccn1,active,445.49800000000016,4.260620000000003,2.0,5.0,6.81559251458768
492,CHEMBL3937931,CC(C)Oc1ccc(-c2n[nH]c3ccc(C(=O)NN4CCCC4CCc4ccccc4)cc23)cn1,active,469.5890000000003,5.154100000000004,2.0,5.0,6.303905840004776
493,CHEMBL3899466,Cc1cc(-c2n[nH]c3ccc(C(=O)NN4CCCC4CCc4ccccc4)cc23)ccn1,active,425.5360000000002,4.675320000000004,2.0,4.0,7.542118103266008
494,CHEMBL3963721,CC(C)Oc1cc(-c2n[nH]c3ccc(C(=O)NN4CCCC4CCc4ccccc4)cc23)ccn1,active,469.58900000000034,5.154100000000004,2.0,5.0,6.0
495,CHEMBL3931556,Cc1cc(-c2n[nH]c3ccc(C(=O)NN4CCCC(CO)(Oc5cc(F)ccc5F)C4)cc23)ccn1,active,493.5140000000002,3.762220000000003,3.0,6.0,6.411280220399943
496,CHEMBL3962541,Cc1cc(-c2n[nH]c3ccc(C(=O)NN4CCCC(CO)(Oc5ccc(F)cc5)C4)cc23)ccn1,active,475.52400000000017,3.623120000000003,3.0,6.0,6.351835221425999
497,CHEMBL3926157,COCC1(Cc2ccccc2F)CCCN(NC(=O)c2ccc3[nH]nc(-c4ccnc(C)c4)c3c2)C1,active,487.5790000000002,4.688520000000004,2.0,5.0,6.028167720075075
498,CHEMBL3953795,Cc1cc(-c2n[nH]c3ccc(C(=O)NN4CCC(CO)(Cc5ccccc5F)C4)cc23)ccn1,active,459.52500000000015,3.6443200000000022,3.0,5.0,7.492144128304169
499,CHEMBL3924926,Cc1cc(-c2n[nH]c3ccc(C(=O)NN4CCCC(CO)(Cc5ccccc5F)C4)cc23)ccn1,active,473.5520000000002,4.034420000000003,3.0,5.0,6.714442690992226
500,CHEMBL3955924,Cc1cc(-c2n[nH]c3ccc(C(=O)NC4CCCC(N)(Cc5ccccc5F)C4)cc23)ccn1,active,457.55300000000017,4.685020000000003,3.0,4.0,6.2888679276931585
501,CHEMBL3940581,Cc1cc(-c2n[nH]c3ccc(C(=O)NC4CCCC(Cc5ccccc5F)(NC=O)C4)cc23)ccn1,active,485.56300000000016,4.472320000000003,3.0,4.0,6.791827473332878
502,CHEMBL4535851,Cc1cc(-c2n[nH]c3cc(NC(=O)CCc4ccccc4)ncc23)ccn1,active,357.41700000000003,3.8996200000000023,2.0,4.0,6.376750709602099
503,CHEMBL4442628,Cc1cc(-c2n[nH]c3cc(NC(=O)OCc4ccccc4)ncc23)ccn1,intermediate,359.38900000000007,4.077020000000002,2.0,5.0,5.522878745280337
504,CHEMBL4565327,Cc1cc(-c2n[nH]c3cc(NC(=O)OCc4ccccc4)ccc23)ccn1,intermediate,358.40100000000007,4.682020000000002,2.0,4.0,5.522878745280337
